elevation/dem/l-relief.asc
ncols        248
nrows        248
xllcorner    277752.0
yllcorner    6122252.0
cellsize     1.0
NODATA_value      -9999
[rows 84 to 125 of 248, columns 0 to 94 of 248]
187 187 185 185 185 184 184 180 176 175 176 197 207 206 232 254 242 231 132 99 61 -22 -104 -103 -84 -130 -104 94 184 184 185 186 185 191 208 187 155 71 81 207 182 210 194 195 194 194 186 171 164 161 163 105 112 178 178 178 179 178 176 -13 -4 193 180 181 182 182 200 200 40 89 219 207 166 192 195 182 183 184 101 149 222 244 251 253 219 149 52 -14 -21 -59 -10 103 125 94 115
190 188 186 185 185 184 182 179 177 177 178 211 240 225 235 243 247 210 222 27 -34 -61 -99 -109 -91 -105 -50 184 184 184 185 186 185 186 197 167 122 89 120 215 191 218 193 196 197 195 188 171 160 161 165 112 117 177 178 179 179 178 176 -16 -7 179 169 187 182 182 214 204 49 86 212 198 123 210 213 182 184 185 161 223 239 227 242 232 148 168 6 -43 23 21 69 80 104 168 170
188 185 185 185 184 184 182 180 178 177 177 219 241 227 231 228 220 99 35 -33 -11 13 0 32 88 141 185 185 184 184 185 186 189 207 248 247 228 179 140 204 162 164 184 196 195 195 188 170 163 165 165 136 129 169 178 178 179 178 177 -15 -13 173 189 194 174 181 217 202 59 104 220 215 150 227 181 111 111 125 191 253 254 248 210 133 111 105 -17 14 134 85 94 103 132 180 181
220 193 184 185 185 184 182 180 178 177 178 194 188 210 240 238 161 41 10 31 179 202 148 116 77 107 185 185 184 184 186 187 188 201 227 228 177 91 102 203 145 147 196 195 196 195 188 171 163 162 162 158 123 140 177 178 179 178 177 -4 20 230 237 219 192 224 253 254 171 198 251 242 205 171 54 24 56 114 203 232 222 168 95 133 205 48 -8 137 187 123 130 178 182 182 180
230 132 160 188 185 183 182 181 179 178 178 177 187 193 194 186 200 162 131 122 205 228 215 210 133 117 185 185 183 184 187 186 185 180 167 95 40 123 221 240 243 211 223 195 196 163 152 171 160 158 162 161 102 110 165 176 179 168 168 60 119 215 222 212 181 207 233 235 218 223 230 229 225 38 -1 96 118 143 187 208 120 127 197 238 233 73 95 200 192 151 140 178 182 181 179
188 80 161 188 183 182 183 181 179 177 177 177 207 196 178 210 226 212 222 154 151 226 204 162 75 96 185 185 182 184 186 186 185 184 180 138 134 237 247 211 244 244 233 195 196 162 190 202 159 161 166 161 95 102 166 185 184 167 175 161 191 222 231 227 207 224 235 219 217 207 183 191 192 -9 8 207 181 153 162 184 130 226 250 248 216 158 143 89 61 79 93 175 181 179 178
112 98 165 185 183 183 183 180 179 177 177 177 196 190 177 188 207 251 245 148 56 36 80 43 66 145 184 184 182 185 186 186 184 184 184 184 195 211 230 229 249 244 224 195 195 195 216 204 159 163 167 162 94 106 183 189 179 169 178 184 185 186 187 184 183 185 183 183 183 183 183 184 184 -9 5 205 234 248 234 242 219 251 184 54 47 178 213 -23 -38 91 114 175 181 179 179
155 130 164 186 185 185 184 181 180 179 177 177 202 229 217 215 233 240 163 -27 -31 15 184 142 211 210 156 183 183 186 186 185 184 184 185 185 194 200 200 194 210 221 212 197 198 195 191 176 164 167 165 161 93 109 184 182 178 173 177 183 185 185 185 184 184 185 184 184 184 186 185 183 183 17 34 218 248 244 244 246 233 198 64 45 88 128 26 -88 -13 190 169 181 180 179 179
157 110 180 186 186 185 183 181 180 178 176 176 194 206 156 204 234 226 105 26 146 101 156 125 188 163 124 183 183 185 185 184 184 184 185 183 193 193 182 189 209 220 211 197 197 193 192 176 163 162 160 161 96 111 183 187 189 184 184 184 185 185 185 184 183 184 183 182 181 184 181 178 181 55 32 185 223 243 244 253 226 177 115 189 223 73 -68 -77 133 146 125 181 180 179 179
133 76 208 210 182 185 182 180 179 176 175 176 188 209 181 175 150 173 178 162 143 68 160 212 238 215 160 181 183 185 185 184 184 184 184 183 191 191 167 195 209 220 211 195 194 192 193 177 159 159 162 160 97 112 184 188 185 180 183 183 183 182 183 182 179 180 179 178 178 178 174 175 178 109 31 118 190 214 253 253 214 204 159 161 8 -61 -47 35 111 39 68 173 180 179 179
213 109 150 173 121 185 182 182 180 177 177 177 211 249 237 239 202 228 251 228 107 57 160 231 232 189 104 141 184 185 185 185 185 202 222 227 221 237 196 216 206 208 185 164 139 116 94 81 78 72 79 84 72 115 180 180 177 177 179 179 178 177 179 177 174 176 175 174 175 174 173 175 176 171 29 71 191 199 235 248 206 176 131 119 -12 -2 167 190 148 73 111 174 180 179 180
206 27 15 100 61 186 185 183 182 179 177 178 228 241 243 246 243 252 247 218 49 9 87 141 79 18 5 106 183 184 185 185 186 219 240 241 211 245 207 220 190 171 130 103 73 69 58 61 62 56 81 90 106 145 177 178 178 176 175 176 176 176 177 174 173 175 173 172 174 173 174 175 175 176 -2 79 203 217 239 226 142 112 134 169 -3 -22 114 131 120 151 184 182 179 179 179
86 -31 -27 57 61 187 185 184 181 178 177 179 203 184 170 194 192 176 165 153 -1 -37 -3 10 14 21 63 144 182 184 185 185 185 199 177 141 99 131 165 192 173 159 141 126 119 136 146 157 152 154 174 175 176 175 177 176 176 175 174 175 175 175 175 174 174 175 173 173 175 174 174 175 174 175 24 156 202 210 221 203 141 173 129 76 -35 -38 91 143 121 142 183 180 178 178 178
154 183 54 75 132 185 184 183 180 179 179 179 185 155 129 87 63 52 50 31 -58 -58 2 81 149 173 185 185 183 185 186 185 206 240 232 214 162 118 159 185 172 173 174 174 174 175 175 175 174 176 175 176 176 176 179 178 176 175 174 174 173 174 176 175 150 111 100 92 50 29 20 20 7 -11 -6 203 206 207 228 228 200 199 22 -18 -11 0 142 215 168 153 182 178 177 178 180
135 124 -24 36 188 184 183 181 179 179 178 177 187 187 177 131 154 111 -1 -26 -64 -33 54 155 184 185 185 186 185 187 187 185 229 253 235 213 175 133 208 197 173 174 174 173 174 175 175 174 175 176 175 148 147 152 132 112 66 56 38 -4 -14 -13 -13 -15 -27 -33 -19 -19 -36 -23 -18 -11 -21 -26 38 138 176 183 181 190 148 124 -37 -46 -11 -38 47 130 94 108 178 177 178 180 181
236 107 -38 82 185 183 182 182 182 180 178 179 213 221 197 158 171 125 18 35 40 98 149 184 186 186 185 186 185 187 187 184 205 172 107 70 49 55 204 197 172 173 172 103 64 71 56 29 11 0 -14 -26 -13 -11 -24 -22 -36 -18 -24 -41 -20 3 13 -3 -15 -2 20 26 36 80 104 119 124 158 199 169 139 87 44 69 71 91 -23 -40 -20 -33 30 73 70 112 177 179 182 183 183
233 179 73 168 185 184 183 185 184 181 179 178 247 245 186 202 227 128 81 152 186 185 185 187 186 185 185 200 214 218 202 182 181 124 52 27 31 71 154 89 -15 -12 -11 -39 -23 -9 -24 -30 -18 -2 -14 -10 3 0 -1 10 21 54 62 94 163 211 221 167 158 182 186 187 189 189 189 190 190 199 204 192 122 59 57 106 121 31 -40 -52 -13 53 157 182 167 168 179 182 185 186 186
243 205 71 68 184 185 185 186 184 180 178 178 233 254 190 194 139 130 146 167 186 186 187 186 185 185 186 208 216 209 174 158 188 189 189 189 192 193 175 82 -3 15 22 18 60 67 72 66 126 188 161 159 180 178 182 182 180 181 183 184 180 185 181 146 142 181 187 188 189 190 190 192 191 198 203 192 146 153 155 84 21 -45 -62 -66 -8 124 183 183 183 184 185 187 187 187 187
236 251 8 -22 145 183 189 233 238 191 169 181 201 178 214 219 33 55 187 186 186 185 183 181 184 188 193 201 180 155 140 157 192 193 193 193 194 192 205 205 154 194 179 150 150 152 179 149 200 189 129 129 172 179 184 183 181 184 185 184 186 187 193 177 152 179 188 188 189 190 190 192 191 199 202 199 192 154 57 -11 -5 -34 -47 -15 73 162 180 180 180 183 184 184 182 182 182
100 76 -75 -65 133 183 195 241 254 166 114 174 179 108 145 115 -56 48 187 185 185 184 182 182 185 187 190 189 178 172 172 178 187 188 187 187 187 184 181 158 135 151 118 108 127 151 162 153 193 169 132 155 179 183 185 183 183 186 185 184 186 189 198 194 164 169 188 188 190 191 191 192 192 198 197 193 185 150 82 155 225 107 37 108 168 178 176 178 179 180 179 177 177 178 177
8 -10 -80 -38 171 184 199 219 217 189 48 114 180 164 151 30 -47 144 185 185 185 184 183 183 184 182 180 179 180 181 180 179 180 181 182 183 182 180 179 181 184 184 182 182 181 202 195 173 192 179 170 185 185 184 184 183 183 185 184 184 186 187 190 185 157 160 188 188 236 223 176 236 223 181 186 181 213 209 179 241 252 120 99 181 179 182 182 230 221 171 180 178 178 179 177
47 40 8 86 184 183 192 215 209 192 -3 64 182 194 151 32 21 189 185 185 185 184 182 181 181 181 179 179 180 181 181 180 181 181 181 181 180 178 178 179 181 181 180 180 181 191 171 162 191 179 172 184 183 181 181 179 179 179 232 236 187 229 222 168 162 170 184 184 220 185 104 219 183 103 215 212 248 222 117 209 217 43 17 178 176 189 181 210 173 98 174 173 172 171 170
139 153 159 184 183 183 182 213 207 186 -9 66 180 184 156 97 122 187 185 184 185 183 181 179 180 180 179 180 181 181 180 180 181 180 179 178 178 176 175 177 178 179 177 177 177 176 164 169 184 174 170 227 218 170 212 209 172 175 214 206 97 201 178 98 217 211 176 179 167 100 106 166 96 103 229 211 200 125 50 170 87 -48 -13 171 170 177 163 146 95 102 174 175 173 174 176
173 171 178 184 184 183 182 221 205 177 -9 73 180 185 187 185 187 187 185 184 184 182 180 179 180 180 179 180 179 177 177 176 175 175 173 173 174 171 172 174 175 176 174 254 214 185 222 165 177 170 167 210 174 104 204 175 127 175 162 85 57 124 94 100 205 172 121 174 175 175 173 174 174 175 190 129 84 87 95 161 80 20 84 177 176 176 169 175 186 184 184 183 183 185 187
188 187 180 184 183 181 181 220 202 213 13 66 181 186 186 185 187 185 184 182 181 180 178 178 179 179 179 180 177 174 174 173 172 172 170 171 171 169 171 172 171 172 172 222 212 75 164 80 213 205 163 160 100 106 164 120 123 169 170 170 171 170 172 172 165 120 126 177 177 178 177 179 181 182 177 135 138 181 184 185 185 187 189 188 188 187 187 188 187 187 186 184 187 188 187
201 188 166 183 182 181 182 221 204 235 14 27 181 185 183 184 185 181 181 178 178 178 177 179 179 179 178 177 173 171 174 172 172 171 170 172 172 171 172 171 169 170 169 145 46 -59 83 76 201 169 121 173 172 171 170 171 172 173 175 176 177 179 180 179 182 184 185 186 187 188 187 187 189 189 188 188 187 187 188 188 187 187 188 187 187 186 186 187 185 185 184 184 189 188 185
187 162 153 181 181 180 182 222 207 228 -9 -1 182 182 179 182 182 178 178 177 177 178 178 180 178 177 177 174 172 171 172 170 169 169 170 171 171 172 173 173 173 174 174 110 -17 -17 93 79 170 125 133 181 180 180 181 183 184 185 186 188 187 189 188 188 188 188 188 188 189 189 188 187 189 188 187 186 186 187 187 186 185 185 186 186 185 184 184 186 185 185 184 185 188 185 183
172 160 166 179 180 180 181 221 205 208 -31 -1 181 179 179 182 180 177 177 177 176 177 178 179 177 177 179 178 177 172 169 172 175 177 178 179 180 181 182 182 182 184 185 235 222 187 89 96 188 189 188 186 187 188 188 188 188 187 188 188 187 188 188 188 187 186 187 187 186 186 186 186 187 186 185 185 185 185 186 185 185 185 186 185 184 184 184 186 186 186 186 186 186 184 184
176 179 181 179 180 180 181 219 201 218 -11 21 181 180 181 183 182 181 181 180 179 182 183 181 179 181 182 180 179 171 173 183 185 185 187 188 188 188 188 188 187 187 188 223 189 108 187 186 187 187 186 186 186 186 186 186 184 184 185 186 186 187 188 188 186 184 186 185 185 187 186 185 186 186 187 186 184 185 186 185 184 185 186 185 186 185 185 187 185 185 186 185 186 185 186
177 179 178 178 178 179 179 213 192 226 3 12 179 178 178 180 180 179 182 182 183 185 184 182 180 181 179 175 173 171 181 190 187 186 187 187 187 186 187 187 186 186 187 175 106 112 184 184 185 185 186 186 185 184 184 183 184 185 186 187 187 187 187 187 186 185 186 186 185 187 187 187 187 188 188 186 185 187 187 186 184 185 188 187 188 187 186 247 238 194 187 172 149 186 186
174 176 176 177 177 177 177 186 156 150 -32 -14 176 176 176 177 176 176 176 174 176 177 176 173 171 172 171 171 174 178 186 189 187 186 185 184 184 185 185 186 185 183 185 186 185 184 184 185 186 185 186 186 185 185 186 185 186 187 187 188 187 187 187 187 186 186 187 187 186 188 188 187 186 187 186 185 186 188 187 243 222 167 188 207 206 184 185 238 225 189 154 115 61 208 224
173 174 174 174 174 174 174 169 131 58 -54 1 180 180 180 180 180 181 180 177 177 176 174 171 172 175 177 180 183 185 187 187 186 185 183 184 184 184 185 185 183 182 185 186 184 184 186 188 186 186 186 185 186 187 188 187 187 212 209 185 185 186 187 186 187 186 186 187 187 189 188 185 186 185 185 186 254 222 175 236 203 101 175 244 199 212 208 237 191 251 59 38 29 177 189
176 177 177 178 178 179 180 182 167 76 20 98 185 185 185 184 184 186 187 185 183 182 181 181 185 187 187 188 188 186 185 185 185 184 184 185 185 186 187 186 185 186 188 188 186 186 239 245 209 164 131 176 216 246 235 206 211 222 163 104 184 185 187 186 186 184 183 184 185 188 185 184 185 184 236 245 235 219 156 201 203 45 120 227 166 192 153 227 152 48 -72 191 107 157 195
182 183 183 185 185 185 186 187 186 186 186 187 187 186 185 185 185 187 186 182 182 185 185 186 188 188 188 188 188 186 185 187 186 185 185 185 185 186 186 185 185 186 186 186 186 221 243 217 193 135 70 128 215 209 194 169 169 178 122 59 117 185 186 185 185 182 182 185 189 191 189 190 191 222 248 230 235 234 238 236 234 24 77 252 150 244 67 38 173 104 141 243 107 143 219
186 185 185 186 185 185 185 185 185 185 186 186 185 185 185 185 185 185 184 182 183 186 186 186 186 187 187 187 187 185 186 187 186 185 185 185 185 186 185 184 185 185 185 244 236 240 217 210 214 128 49 129 175 192 196 183 197 129 -5 -54 -1 187 192 188 184 182 183 188 193 195 192 194 196 250 225 231 223 241 224 193 156 -43 10 128 28 139 -22 168 222 123 235 189 2 195 130
187 185 186 186 184 184 183 183 184 184 185 184 184 185 185 185 184 184 184 182 184 188 188 186 185 185 184 185 185 184 186 185 185 185 184 184 184 187 186 185 185 186 207 242 226 222 203 200 247 120 82 170 179 209 211 0 98 16 -65 -7 42 126 191 183 179 180 183 191 195 192 187 188 191 232 204 240 249 206 90 210 0 -95 -27 113 221 224 55 254 218 28 195 67 44 180 103
185 184 185 185 185 184 183 185 185 185 185 185 185 184 185 184 182 183 184 183 184 186 185 183 184 185 183 185 186 185 187 187 187 188 188 188 190 195 193 191 193 193 245 217 251 243 181 185 236 201 128 172 3 -49 49 19 253 210 20 134 57 15 177 172 177 182 188 196 194 188 183 183 186 180 134 47 -25 -55 -61 124 -2 -12 35 93 170 155 91 241 195 -42 70 91 96 189 80
184 183 184 185 185 184 184 185 185 184 184 183 183 184 184 183 182 183 185 185 185 186 187 186 188 189 190 192 191 190 193 192 191 192 191 192 197 199 194 193 194 193 230 183 229 221 182 188 183 59 13 119 -63 -100 57 133 208 252 117 149 -22 -58 168 174 182 187 194 195 188 184 181 181 181 143 79 -27 -71 -19 -15 70 5 -74 -69 55 32 -2 153 230 206 -27 124 253 187 49 -77
184 183 183 184 183 183 184 184 185 184 183 182 184 184 183 183 185 188 191 190 189 192 192 190 189 189 188 187 185 185 185 183 181 181 180 182 183 179 175 177 178 177 201 166 205 207 177 178 240 -91 -94 42 0 35 246 179 88 143 24 30 -89 -87 173 180 189 193 192 186 178 177 175 173 174 172 166 133 125 219 200 155 76 -105 -97 14 7 -18 15 -4 21 79 224 238 92 -82 -89
183 183 183 183 183 184 184 184 185 184 183 197 196 196 195 182 185 186 185 182 182 184 182 179 178 178 177 176 175 176 176 174 174 175 175 177 174 169 172 171 171 172 188 186 195 152 185 189 234 -25 113 199 179 20 194 254 192 169 -36 -85 -134 -103 180 183 188 185 177 172 170 172 171 171 171 171 175 129 69 82 29 20 -36 -111 -62 58 33 7 5 -10 -19 -46 -27 -19 -87 -107 -16
182 182 182 182 183 182 182 184 184 183 212 244 231 223 215 203 199 177 179 176 175 176 175 175 175 178 177 177 179 179 180 180 180 181 182 182 179 180 182 180 179 179 174 139 110 161 181 160 139 94 154 213 184 -40 -16 -70 -104 -87 -103 -119 -130 -48 181 182 183 175 172 173 174 177 178 178 179 180 174 105 29 15 -16 -32 -44 -58 62 184 182 182 182 158 41 -41 -55 -57 -66 -40 67
181 181 181 181 182 181 183 184 182 181 213 233 238 236 221 203 145 116 182 180 180 183 182 180 181 181 179 179 181 181 182 181 180 182 183 181 180 182 181 181 181 181 180 115 50 7 0 -38 -62 -13 3 -78 -111 -129 -126 -129 -115 -84 -90 -94 -37 180 180 180 181 179 180 180 180 183 183 183 183 182 181 182 182 184 182 181 181 181 183 181 181 181 181 182 180 180 180 179 180 180 180
