elevation/dem/l-relief.asc
ncols        248
nrows        248
xllcorner    277752.0
yllcorner    6122252.0
cellsize     1.0
NODATA_value      -9999
[rows 126 to 167 of 248, columns 95 to 189 of 248]
180 178 180 180 180 181 180 181 181 181 181 180 183 184 184 187 189 190 191 194 196 192 192 193 193 194 196 195 194 195 194 195 195 194 195 194 193 191 192 192 217 246 232 206 188 75 60 189 187 188 188 187 185 186 187 228 222 194 174 240 223 237 237 176 252 197 -56 -25 152 0 -5 42 138 174 182 181 182 180 177 176 175 174 176 177 175 176 177 179 180 180 178 179 180 181 165
188 187 188 189 189 188 188 189 188 187 187 187 188 187 191 195 192 193 194 196 196 192 192 193 192 192 192 190 189 189 189 189 190 190 190 189 188 187 189 189 211 209 232 230 220 6 0 173 185 185 185 184 183 184 185 193 119 71 66 155 184 206 243 103 250 231 -42 197 253 74 74 85 58 75 179 178 179 177 174 174 176 175 177 178 177 178 180 181 180 178 178 180 181 181 177
196 194 194 194 192 191 192 191 190 189 189 190 189 188 192 191 200 200 186 188 190 187 187 187 186 187 187 186 187 188 186 186 188 188 188 188 187 187 201 221 250 212 217 213 180 -30 -40 82 184 184 185 184 184 187 187 180 140 140 147 187 199 213 238 113 250 249 14 141 195 144 75 75 -22 -13 177 176 176 174 172 175 176 175 177 178 177 179 181 181 180 180 181 183 183 181 174
192 190 205 204 188 190 190 189 188 187 187 188 187 189 218 239 243 223 175 183 191 187 185 185 184 186 187 186 187 187 185 186 187 187 187 186 186 222 241 244 254 185 142 210 53 -19 -55 18 183 183 185 184 184 186 186 185 183 182 183 174 155 174 215 50 137 142 -73 -26 119 74 41 41 -53 -39 176 175 177 176 175 177 178 177 179 180 179 182 183 182 183 183 184 185 184 183 180
187 221 244 231 189 174 184 184 184 183 183 184 184 215 253 248 231 211 117 98 202 199 191 186 185 187 187 184 184 185 184 183 185 186 186 184 199 243 242 239 239 120 81 91 21 -29 -76 -10 182 183 183 182 183 184 184 182 180 182 182 146 96 105 139 39 239 235 -42 188 247 62 4 -70 -109 -61 177 179 182 180 179 180 180 180 182 183 182 184 185 186 186 184 183 183 182 181 181
184 243 253 241 157 87 178 179 180 178 179 180 179 220 238 243 251 223 33 21 221 191 178 180 183 185 183 180 181 184 183 181 183 184 184 183 196 218 202 214 209 153 157 140 123 -84 -105 5 181 180 180 180 180 182 183 182 181 182 180 157 89 59 14 -7 166 228 12 222 252 -37 -55 -113 -121 0 181 182 183 180 179 181 182 181 183 184 184 186 186 186 185 182 181 182 181 180 182
214 242 236 204 112 36 174 178 178 176 177 178 178 206 209 210 209 127 -5 6 238 212 187 170 178 180 181 180 184 187 186 184 184 184 183 181 179 206 219 200 94 3 48 33 -64 -133 -96 125 182 181 182 182 181 182 183 181 180 181 180 178 137 39 5 1 -3 -14 -41 -61 -60 -109 -110 -104 -53 182 181 181 182 181 182 184 184 183 184 184 185 185 184 185 185 184 184 185 185 185 186
238 245 214 195 112 23 153 178 178 177 177 178 180 196 183 151 92 100 3 68 254 223 137 107 177 181 183 182 184 188 186 183 184 185 185 182 181 196 149 69 35 59 81 13 -67 -103 0 184 184 182 183 182 179 182 184 180 178 179 179 178 181 160 88 19 -50 -15 36 -105 -111 -89 -109 -17 106 183 183 182 183 184 185 185 184 203 230 238 227 226 218 188 183 186 186 187 186 187 187
233 203 172 181 87 33 151 175 176 175 177 179 180 183 151 72 4 -3 -42 142 237 176 21 45 179 183 183 182 184 186 182 180 183 185 185 184 184 177 120 84 117 163 182 172 122 128 179 182 183 182 183 181 181 185 186 182 180 181 182 182 183 183 156 44 -24 30 14 -122 -100 22 26 184 184 184 184 207 229 215 194 186 184 211 246 253 230 225 197 125 153 194 184 185 186 187 187
186 185 140 92 55 59 147 174 176 177 179 180 180 185 182 132 71 41 30 187 221 80 -6 76 180 182 183 183 183 183 179 177 179 180 181 181 181 180 180 182 182 184 183 180 179 180 184 187 187 185 185 182 183 185 183 181 181 183 184 183 182 183 183 181 181 137 12 -76 -38 184 185 185 185 206 242 247 223 181 152 164 227 232 237 232 243 251 231 85 99 146 156 184 184 184 213
64 198 172 187 177 103 146 175 178 180 181 180 180 185 210 229 203 210 209 223 215 116 48 126 181 181 181 180 181 182 180 180 182 183 185 183 184 185 185 186 186 203 200 181 182 185 188 188 187 211 214 191 185 182 182 181 182 184 183 181 181 194 209 217 214 193 184 185 186 187 188 188 206 254 235 222 218 176 122 110 213 213 238 240 249 254 243 92 33 66 119 188 195 195 235
4 203 239 249 189 70 119 175 178 179 180 180 180 198 243 253 200 222 205 242 213 195 44 61 181 181 180 181 183 185 184 185 189 190 188 185 186 188 186 185 185 234 248 208 179 172 189 205 226 246 224 191 192 175 185 184 185 185 184 203 240 241 234 228 212 168 160 183 184 197 225 228 249 237 233 236 245 222 119 58 196 210 175 251 242 248 230 80 -15 33 184 233 229 229 249
-13 188 222 244 143 -10 65 176 179 180 180 179 179 214 244 254 205 204 129 247 234 204 9 6 181 201 201 201 213 198 186 185 187 187 184 182 183 217 222 204 243 253 249 215 93 162 224 229 240 239 224 232 198 172 195 191 186 185 184 247 249 225 214 213 197 130 102 179 185 221 252 241 249 229 246 207 228 238 84 -5 152 152 54 156 165 157 80 -1 -23 87 241 226 199 213 208
-59 119 181 147 -22 -56 57 176 179 180 178 177 178 197 179 159 163 187 72 231 217 167 29 47 191 249 235 205 216 198 190 188 183 183 184 218 244 248 227 178 248 245 247 246 34 213 223 180 184 234 250 244 219 176 142 137 178 214 213 245 239 240 216 206 193 134 101 155 223 252 254 211 200 175 220 220 185 112 62 -14 93 132 54 177 183 186 83 36 1 67 250 252 207 202 136
-47 135 145 48 -45 -24 120 179 181 180 178 178 179 180 133 76 36 117 76 222 192 171 65 73 173 215 224 195 166 172 159 142 163 186 188 244 244 222 195 136 237 223 244 187 36 252 249 182 88 141 202 252 213 179 123 97 164 229 225 235 223 231 191 149 138 198 137 136 205 242 236 129 87 101 153 249 174 211 146 -32 72 216 158 212 252 233 143 -11 -34 61 229 235 249 158 143
111 176 131 68 43 105 177 180 181 180 180 180 180 182 182 166 90 149 250 243 213 90 86 126 199 176 230 253 125 109 139 109 117 182 190 221 189 177 202 161 234 225 186 137 186 250 230 246 122 49 223 213 194 115 157 103 159 200 202 213 198 187 142 105 129 216 153 177 206 210 243 60 24 149 139 174 182 217 144 -1 192 243 235 205 155 197 38 -73 -22 172 234 223 181 184 218
180 179 178 174 172 174 178 181 181 181 181 180 180 180 180 177 174 201 238 235 198 47 52 120 167 -13 109 224 127 75 178 98 66 176 227 251 203 113 135 163 111 110 126 100 231 242 35 198 251 44 168 218 202 23 120 114 172 160 174 199 127 91 95 131 188 224 111 155 65 -42 88 15 -6 185 118 87 79 130 145 120 198 213 240 203 81 230 121 -12 120 241 184 116 93 120 172
178 178 176 174 175 179 182 182 182 181 181 180 180 180 180 178 177 179 105 47 143 -24 -30 7 8 126 242 242 124 119 166 42 104 205 220 254 252 247 240 197 7 28 19 133 243 75 38 202 11 -88 247 229 119 -32 47 90 132 109 119 187 153 90 98 187 216 156 57 110 31 -5 175 103 21 214 109 71 50 41 133 197 149 240 252 207 89 147 163 94 118 223 168 52 77 126 31
156 177 175 177 181 183 185 183 182 181 180 180 181 180 179 180 180 145 8 56 60 -91 9 243 246 240 238 -3 -47 78 48 -22 209 213 180 245 228 192 227 235 18 96 160 147 74 -33 75 38 -93 -49 86 77 -58 -62 -27 8 61 48 111 212 220 190 151 174 173 41 16 100 223 145 234 169 85 178 186 152 42 -21 -4 -54 -26 142 197 175 81 38 156 174 44 57 68 -9 35 35 -40
156 175 175 181 183 183 183 182 181 179 179 180 181 179 179 181 181 154 56 48 4 -16 194 236 230 152 -28 -91 -3 15 -49 -44 132 170 192 235 243 141 160 162 -35 65 193 133 36 -57 -45 -53 -58 167 94 -32 -78 -73 -45 7 86 72 162 195 190 166 48 84 90 36 41 141 217 229 135 121 99 116 232 237 80 -10 -23 -47 81 130 -5 27 -6 30 224 90 -20 38 48 13 126 71 11
177 175 179 183 182 182 181 180 179 180 182 181 180 179 180 182 181 181 178 171 146 194 200 201 -4 46 58 73 203 97 34 54 80 94 118 190 213 36 62 -2 -68 141 238 134 -20 -40 0 11 52 186 94 -7 -2 60 179 157 211 163 144 108 90 38 8 126 140 101 86 153 138 75 -44 -36 40 107 178 148 55 97 124 126 125 34 -87 -31 -35 71 191 7 0 -15 -27 43 182 182 173
174 176 181 182 181 181 181 181 183 183 183 182 181 180 180 180 180 180 181 177 175 189 132 88 119 233 181 187 203 35 165 109 24 70 28 36 68 9 88 11 23 130 38 -47 -11 202 198 149 204 206 149 136 232 247 247 196 196 130 104 137 93 73 135 197 129 45 36 26 55 -8 -69 -21 78 123 125 58 25 63 66 118 113 16 -57 -11 31 27 -24 -35 -50 -72 -30 100 183 185 186
171 177 181 180 180 179 181 185 184 179 178 180 180 180 179 179 180 180 180 179 181 186 142 128 183 226 152 234 95 -15 10 6 46 143 114 84 99 60 32 113 196 154 -2 64 230 250 221 146 229 229 129 139 206 183 154 87 41 30 77 180 181 182 180 157 82 46 37 35 119 111 118 184 176 164 169 167 128 58 44 137 176 108 55 116 142 29 -28 -21 -73 -45 129 183 187 187 184
171 179 180 180 180 180 216 214 176 174 174 212 221 214 203 176 181 181 180 181 182 222 206 159 116 29 153 243 28 -23 -40 53 155 185 185 183 175 109 34 157 166 169 113 253 235 183 187 126 214 119 19 141 178 137 101 40 30 81 132 181 184 182 180 179 168 168 150 152 184 184 184 184 182 183 186 187 181 165 171 187 190 186 183 187 187 143 87 50 20 83 181 187 189 184 183
171 180 180 180 180 180 207 176 126 181 225 254 232 225 184 113 180 181 181 181 181 214 183 99 31 -3 53 13 -73 -52 0 147 188 188 186 184 185 111 78 145 135 189 254 243 249 56 -24 7 12 3 53 182 182 180 146 110 142 184 184 185 185 182 181 181 182 183 181 183 184 184 184 185 184 185 189 190 188 187 189 190 189 184 186 190 188 184 186 186 184 181 183 187 183 180 184
141 181 181 181 180 179 173 154 178 228 253 254 203 232 127 30 181 180 181 181 181 222 224 167 117 147 100 -9 -45 -36 89 186 188 188 185 184 179 133 122 154 223 240 241 243 166 -97 -72 59 114 183 184 184 184 185 186 185 184 183 184 185 183 182 185 184 183 184 183 184 184 184 186 186 185 186 190 189 186 187 189 188 185 184 187 186 181 182 186 183 180 182 184 183 178 183 185
145 182 181 182 182 181 193 235 243 236 252 244 192 183 6 11 181 181 182 180 180 222 219 151 174 192 122 73 88 65 142 187 187 186 184 182 181 179 182 183 240 230 231 181 -87 -94 92 182 182 184 184 184 185 186 185 183 183 184 186 184 181 183 185 183 182 185 185 184 183 184 185 185 185 187 188 186 186 187 185 184 183 185 184 181 182 187 185 180 182 186 184 181 183 187 184
176 182 181 182 182 181 191 201 184 171 199 228 238 98 7 105 181 182 181 180 180 223 223 149 181 178 129 109 129 141 174 186 186 185 183 182 181 180 184 185 190 140 106 -53 -112 -39 182 183 184 185 184 185 185 185 184 182 184 186 186 184 183 185 184 182 183 186 185 183 183 184 185 186 187 186 184 183 186 185 181 181 184 184 182 183 187 187 182 180 184 185 180 182 186 184 180
174 180 180 181 182 180 177 187 192 189 193 195 188 -6 3 156 181 182 180 180 182 222 218 139 181 183 185 187 188 186 186 186 186 187 184 183 183 182 184 185 173 100 17 -65 -12 182 182 183 185 185 185 185 185 185 184 184 186 188 185 184 185 185 183 182 184 185 183 182 184 184 186 188 188 184 183 186 188 184 179 183 186 183 183 187 187 183 181 184 185 181 179 185 184 180 180
158 179 180 182 181 179 178 228 248 224 186 172 122 -23 28 157 181 182 180 181 183 223 222 136 182 184 185 186 187 184 184 183 183 184 181 180 181 182 185 186 186 180 127 96 144 181 182 183 184 183 182 183 184 185 186 187 189 188 185 185 185 183 184 185 185 185 184 185 185 185 188 190 186 183 186 189 189 184 183 186 185 183 184 186 184 181 184 185 182 181 184 186 182 180 184
124 181 182 184 182 181 179 209 183 96 148 227 223 94 120 147 181 181 180 186 196 229 218 127 179 183 184 183 185 182 181 180 180 182 181 181 183 184 187 188 185 185 187 185 181 182 184 183 183 182 182 183 183 186 188 188 188 186 185 186 184 183 186 186 184 185 186 186 185 186 189 188 184 185 190 189 187 186 187 186 184 184 185 184 182 183 186 183 181 184 186 185 183 184 186
95 181 182 183 183 181 179 221 221 159 220 228 252 164 94 80 181 180 179 195 218 236 206 143 207 210 196 184 186 183 182 182 180 181 184 184 185 187 188 187 185 186 187 183 181 183 185 183 182 183 184 185 186 187 188 187 187 186 186 185 183 185 187 185 183 185 187 184 183 186 189 188 186 189 190 186 187 190 187 184 185 188 188 185 185 187 186 182 184 186 185 184 186 186 184
119 181 182 181 181 179 178 205 191 195 225 203 217 188 62 45 154 180 179 190 195 201 217 237 236 221 188 160 185 184 184 184 177 180 185 183 183 186 187 185 184 185 184 182 183 185 185 183 183 186 187 187 188 189 191 190 189 188 186 183 184 186 187 184 183 185 186 184 184 189 191 190 190 191 188 186 189 190 184 183 189 189 185 185 187 186 182 181 185 186 183 186 188 184 182
167 181 181 180 182 180 195 224 206 200 202 212 124 30 11 -6 105 181 181 182 170 200 242 243 220 213 150 95 152 182 183 181 176 183 187 184 184 185 185 185 183 183 182 183 184 185 185 184 185 188 188 187 189 191 193 191 189 188 185 183 186 186 184 184 185 186 187 187 188 192 193 192 190 188 187 189 190 188 184 187 191 186 183 187 186 182 183 185 187 193 193 189 187 181 185
176 179 181 182 183 181 203 231 234 239 240 248 179 99 34 -28 106 181 181 197 221 250 227 245 229 216 97 33 129 191 173 180 179 186 189 187 186 185 186 185 181 181 184 185 185 184 184 184 185 186 187 188 190 189 189 188 187 186 184 185 185 182 181 183 184 207 228 213 194 190 190 188 185 183 188 190 186 185 187 190 187 182 185 188 182 181 221 236 233 224 189 177 180 179 187
175 179 181 183 182 180 185 166 127 168 216 247 229 184 109 18 157 181 181 224 254 249 231 246 214 205 131 52 148 169 98 182 183 187 190 188 187 187 187 185 182 183 185 185 185 183 184 184 184 185 187 188 188 187 188 188 186 186 186 185 183 180 181 183 199 240 254 218 181 181 178 183 179 184 191 187 182 185 189 185 180 184 187 182 178 221 254 244 227 197 129 135 168 181 185
173 178 180 181 180 180 191 227 241 246 234 234 253 152 -3 -1 181 182 181 231 243 244 230 240 211 222 186 55 80 65 48 185 185 188 191 189 188 187 185 185 184 184 185 185 184 183 184 184 184 188 190 188 186 184 187 185 184 186 185 184 181 179 180 181 239 254 248 235 179 142 124 167 177 191 192 192 208 206 184 176 182 188 183 177 201 249 249 250 245 195 94 70 119 184 181
171 179 181 182 182 181 200 240 250 244 250 233 226 -13 -78 -4 182 182 181 223 215 220 216 223 179 188 144 -40 -63 -9 80 187 185 186 189 188 186 184 184 184 184 184 185 186 185 184 184 184 187 190 188 186 185 185 186 184 185 185 182 181 179 177 178 214 249 244 247 253 227 149 101 87 115 191 197 222 242 201 146 178 193 187 176 194 249 253 245 248 195 181 85 19 63 177 184
171 181 183 182 181 180 187 172 104 63 83 109 51 -85 -66 105 181 181 187 225 206 191 156 139 118 45 -50 -101 -74 68 151 185 184 185 187 186 185 184 184 184 183 183 184 185 184 184 183 185 189 189 184 183 184 185 186 186 185 182 180 180 175 173 177 235 228 240 249 237 201 135 76 6 39 180 191 214 218 130 103 190 193 175 175 237 251 253 251 217 141 179 34 -29 28 189 224
173 182 181 180 180 180 178 159 111 75 72 81 9 -59 42 182 181 182 188 199 139 58 29 71 85 -59 -91 -70 46 185 185 186 185 185 186 186 187 185 185 185 184 183 184 185 184 184 185 188 189 187 183 184 185 184 185 185 182 179 180 180 174 176 182 224 200 221 223 207 165 140 116 -6 11 177 189 185 137 79 126 190 186 190 226 253 246 253 252 145 133 117 -34 -41 45 205 245
173 181 181 181 181 181 183 195 198 201 203 161 97 67 147 182 182 183 186 177 113 87 99 85 0 -87 -37 122 185 185 186 187 187 185 184 186 187 184 185 185 184 184 186 185 184 185 187 188 187 186 185 185 185 183 185 184 180 179 180 178 176 181 190 229 199 215 163 156 168 141 31 -64 -14 178 196 183 155 152 177 178 198 247 249 252 251 253 223 73 48 8 -45 1 98 211 237
153 181 182 183 182 181 201 237 233 221 213 203 154 108 150 182 181 183 188 187 180 221 212 114 15 -6 116 184 183 185 188 188 187 183 185 188 187 185 184 183 183 184 185 184 184 186 186 184 183 185 184 183 181 183 185 183 181 182 181 178 179 228 246 252 226 190 68 137 99 -19 -85 -77 52 187 188 174 181 211 229 214 235 250 253 254 252 202 105 -2 0 -3 -4 73 149 210 204
