elevation/dem/l-relief.asc
ncols        248
nrows        248
xllcorner    277752.0
yllcorner    6122252.0
cellsize     1.0
NODATA_value      -9999
[rows 126 to 167 of 248, columns 0 to 94 of 248]
181 181 180 181 181 181 183 184 182 180 184 150 91 68 62 59 24 62 181 179 181 184 183 181 180 179 179 181 181 180 182 180 179 181 181 180 180 180 179 181 180 180 180 178 121 -4 -51 -67 -56 -34 -78 -121 -133 -129 -113 -90 30 179 180 183 181 182 181 181 182 180 179 179 180 182 181 181 180 179 181 181 181 181 179 179 179 179 179 179 181 181 180 180 179 180 181 180 181 179 179
184 180 179 181 181 182 183 183 183 183 182 168 129 98 69 48 51 114 180 180 180 183 182 180 179 178 181 181 180 179 180 179 179 181 181 180 179 178 180 181 180 180 179 178 180 181 180 180 124 -1 -74 -101 -97 -43 122 180 179 178 179 181 181 181 181 180 179 178 178 179 180 182 180 179 179 179 180 180 179 179 178 177 178 178 178 180 181 179 180 180 180 182 183 184 184 183 186
179 177 180 183 183 184 183 182 182 181 181 182 182 181 181 180 179 179 180 179 179 183 181 178 178 178 179 178 178 180 180 180 181 182 181 180 180 180 182 181 180 180 178 178 181 181 179 178 178 180 182 181 181 180 181 179 178 178 178 180 180 179 178 177 177 179 179 178 179 180 179 178 179 179 179 179 179 179 179 179 181 181 183 185 186 186 189 190 188 198 201 192 192 194 196
176 177 181 183 182 182 181 181 182 181 181 181 179 179 179 178 179 178 178 180 180 183 180 177 177 178 179 178 180 180 181 181 180 181 179 179 179 180 181 181 180 180 179 180 181 179 179 180 179 179 181 180 179 179 178 177 177 176 177 179 179 178 177 177 179 180 178 179 181 182 182 181 184 184 185 187 186 186 189 191 192 191 193 195 195 195 196 194 193 203 197 186 194 195 194
180 179 182 183 181 181 180 181 182 182 181 180 180 179 179 178 179 179 180 181 179 181 179 178 177 178 178 178 179 178 181 180 179 179 178 179 178 178 180 180 178 177 176 178 180 179 181 181 178 178 180 178 177 179 178 177 177 179 182 183 184 184 185 185 187 189 190 191 192 194 193 190 193 194 194 195 193 195 197 196 195 193 194 195 194 193 191 189 190 191 182 180 188 189 189
179 180 184 183 181 181 181 182 183 181 180 180 181 179 178 179 179 179 180 179 180 180 179 179 177 178 177 177 177 178 180 177 176 176 176 176 176 178 180 179 177 178 177 179 181 181 183 182 181 184 186 184 186 188 189 188 190 193 194 193 193 194 194 194 194 195 196 194 194 195 192 191 194 193 193 193 192 192 191 190 189 189 190 190 189 189 189 188 188 187 187 187 186 186 185
180 182 183 181 179 180 180 182 182 180 179 179 179 177 178 179 178 177 178 179 180 179 178 177 176 176 176 177 178 180 180 177 177 177 180 181 183 185 186 186 250 220 155 190 193 193 192 190 191 193 192 192 195 195 194 194 195 196 195 193 193 194 193 192 191 192 191 189 188 189 189 190 191 190 189 190 190 189 218 215 186 189 188 188 188 187 186 185 184 184 184 183 182 182 183
179 181 181 179 178 179 180 181 180 178 178 179 179 177 178 179 177 178 181 181 180 181 181 182 184 185 185 187 188 190 190 189 190 192 193 194 195 195 195 196 226 195 56 193 197 195 192 192 192 192 190 190 192 191 190 190 190 191 190 189 190 191 191 190 190 191 192 192 190 192 192 190 189 188 189 190 189 188 214 188 146 205 247 222 177 181 181 182 181 182 183 182 182 183 184
178 180 180 179 178 179 181 181 180 179 179 181 181 180 182 183 182 184 186 187 189 201 200 193 195 194 193 194 194 194 194 194 196 197 195 195 196 194 193 194 162 54 61 188 189 189 188 188 190 192 191 191 193 193 194 194 196 196 194 192 192 192 191 190 189 189 192 192 191 191 188 185 186 186 187 188 187 186 182 145 146 199 219 181 77 155 210 209 179 183 184 182 183 214 219
181 182 182 182 182 185 186 185 185 185 187 188 188 188 189 189 190 191 192 194 195 204 194 184 193 190 189 189 188 230 221 182 191 191 189 190 192 191 191 193 190 191 192 190 193 194 194 194 196 197 196 197 198 199 199 198 199 197 193 191 189 189 189 187 187 189 189 188 187 186 191 192 187 188 187 188 186 185 185 186 230 222 151 53 172 223 237 232 165 179 181 229 244 242 204
188 189 189 189 190 192 190 190 190 189 191 191 190 190 190 190 192 191 193 194 193 201 193 180 214 210 185 227 244 244 199 114 192 195 195 195 195 194 195 195 193 196 196 195 197 197 196 196 198 196 195 196 197 197 196 195 193 190 187 186 186 187 188 187 188 188 188 189 188 185 192 186 180 188 186 186 186 185 184 183 217 179 109 182 233 252 233 241 138 104 179 253 241 228 137
190 191 191 191 191 190 188 189 189 188 189 188 187 188 189 188 189 190 192 193 193 232 249 213 222 212 194 246 243 240 184 90 169 207 194 195 194 193 195 195 195 197 195 193 194 231 220 183 191 189 190 191 216 212 188 191 223 230 241 216 177 214 205 184 189 200 201 207 205 186 186 198 205 238 218 178 192 185 182 182 172 109 115 183 199 206 247 246 73 24 130 230 246 234 76
188 187 188 188 187 187 186 187 187 186 186 185 184 186 187 186 190 193 194 195 207 250 246 213 200 176 150 251 252 245 216 85 133 166 126 203 237 222 204 235 223 172 244 236 203 246 225 149 179 185 238 238 237 230 179 184 251 247 229 202 146 144 104 175 226 234 225 232 209 155 206 253 233 238 201 111 184 179 183 183 182 181 181 182 220 209 229 232 62 24 94 205 215 227 51
193 187 185 187 186 187 186 187 187 186 185 183 185 187 186 186 195 198 195 234 248 251 235 241 219 134 72 252 244 246 248 101 140 128 63 213 239 209 161 221 196 89 253 253 176 235 224 145 163 235 250 233 222 236 168 139 254 239 243 234 158 9 -27 204 247 244 233 229 176 101 247 247 231 232 192 64 132 213 217 212 223 224 206 174 193 162 168 149 -1 -11 101 209 187 127 -50
161 187 186 190 188 187 187 189 188 187 186 186 188 188 186 188 198 202 196 227 243 249 230 243 194 55 66 246 243 250 243 177 139 52 46 215 250 239 167 211 154 50 253 253 174 216 206 122 116 241 244 238 237 244 165 144 235 232 251 224 105 -36 4 238 247 252 233 243 176 47 253 232 248 237 165 76 157 195 155 199 242 220 170 127 172 121 80 -7 -66 -39 76 114 66 -36 -94
70 170 187 189 188 188 188 189 189 188 188 187 187 188 187 188 203 209 198 191 184 202 208 235 164 52 28 164 144 201 238 226 90 73 143 188 234 247 226 211 62 19 253 254 211 191 139 53 44 137 170 242 249 249 89 190 250 242 253 200 125 0 1 193 229 243 237 219 205 56 243 223 240 206 207 150 199 151 27 149 229 172 103 109 155 165 112 36 2 95 162 116 55 -16 -30
2 83 187 184 185 188 187 189 189 188 188 186 186 188 187 187 208 213 197 198 204 160 157 139 -22 -39 -42 115 133 165 234 171 51 173 181 107 125 176 182 72 -22 -2 211 194 236 228 14 -4 99 221 188 206 131 143 14 44 110 136 161 196 85 -59 -53 214 239 226 254 205 111 49 249 243 227 212 229 211 227 -37 -62 134 205 150 78 97 133 221 251 230 153 180 184 215 232 170 135
-71 26 188 182 182 188 188 189 189 188 187 186 186 187 185 188 212 217 200 202 213 170 135 3 -89 -23 -37 96 182 179 178 73 40 97 -50 -85 47 185 115 -26 -45 -17 121 138 172 115 -76 -9 164 204 207 147 11 73 -39 -45 48 47 97 159 18 -71 -35 199 182 142 102 47 -52 -12 164 135 55 152 216 119 -51 -108 -45 183 204 126 33 92 157 241 252 233 138 115 169 244 251 164 144
-17 101 187 181 180 186 189 189 188 187 186 185 185 186 187 191 217 223 204 204 232 237 183 -23 -62 85 -22 30 129 58 6 -28 -8 -17 -95 -32 180 165 16 -33 4 47 116 104 96 10 -72 18 130 126 142 69 16 25 -42 2 124 80 102 72 -76 -88 -23 139 56 41 -9 -27 -66 -15 96 -20 0 56 56 -8 -88 -77 88 159 110 54 47 149 180 222 217 203 87 53 124 220 235 109 59
170 186 185 183 180 184 189 188 187 187 186 185 186 188 190 206 232 229 205 202 215 196 120 -35 18 123 -3 64 70 -11 -4 -35 -33 -57 -80 70 113 36 -38 -38 35 116 138 143 76 -17 -59 32 131 127 136 106 63 42 84 157 168 126 89 -16 -90 -54 28 182 148 132 60 20 -11 36 102 21 107 76 -4 -35 -72 23 176 137 102 95 134 179 178 191 143 91 23 11 108 193 147 18 9
184 185 185 187 183 183 188 188 188 189 187 186 187 188 195 225 239 225 204 201 200 158 85 47 111 151 119 152 124 97 100 35 19 -11 -15 140 126 50 -6 18 79 104 106 181 182 75 62 132 185 185 184 183 158 158 183 184 183 182 140 19 -3 80 125 183 184 182 179 179 181 181 153 103 123 66 32 27 -14 89 178 178 178 177 178 179 176 171 126 67 12 48 151 188 129 37 66
185 187 187 190 186 183 188 187 188 187 184 184 185 185 192 225 234 211 201 198 195 193 212 193 167 192 190 188 188 188 185 143 120 126 151 187 162 110 119 176 213 202 170 213 206 161 183 185 206 213 191 181 183 182 182 182 203 218 214 196 180 181 203 213 191 192 203 220 206 200 212 188 208 164 121 166 158 187 216 204 217 213 205 218 205 189 182 136 113 155 182 180 158 133 150
188 195 214 206 180 180 184 185 185 185 183 184 184 186 187 214 219 198 192 239 240 212 223 211 199 222 219 213 213 213 215 219 205 224 214 194 227 213 221 216 210 205 187 220 228 190 184 208 231 218 174 182 216 204 207 205 219 234 212 181 184 210 234 216 185 219 218 217 190 200 208 187 223 199 166 224 203 202 227 197 212 199 182 204 195 168 179 193 179 182 181 181 205 204 174
203 223 233 189 146 178 181 182 185 186 184 185 186 188 187 198 190 247 232 234 218 175 181 165 182 198 180 177 177 174 179 186 175 185 182 170 185 180 184 194 180 179 181 179 185 179 167 170 196 203 165 152 185 178 169 175 177 193 190 159 162 181 196 182 162 184 189 188 169 182 176 175 192 175 155 181 175 179 193 181 192 182 167 173 172 136 128 118 115 181 181 208 252 210 126
222 250 231 133 127 184 185 184 187 186 185 185 187 188 186 185 198 219 234 214 214 177 182 153 184 207 184 183 184 177 177 189 187 184 186 177 184 183 181 199 184 179 199 190 183 194 185 173 191 211 199 163 190 199 170 187 188 186 196 168 170 191 199 191 176 183 198 198 181 193 184 196 201 186 180 180 184 193 189 199 211 200 198 185 179 138 127 56 21 182 182 235 249 182 66
217 234 208 71 146 196 184 185 186 185 184 186 188 187 185 196 229 192 202 234 233 209 213 186 207 236 220 218 219 210 205 216 224 218 221 213 216 217 209 224 213 206 224 218 208 222 221 207 212 222 230 205 214 230 203 223 228 212 223 206 203 222 227 225 217 210 224 225 215 220 219 230 220 214 220 207 220 229 211 226 234 217 227 213 207 186 169 -10 -44 182 181 210 166 43 18
196 182 142 44 146 184 171 184 185 184 184 186 187 186 184 229 248 197 163 202 211 213 220 216 217 220 217 214 215 215 218 220 220 216 215 213 216 219 213 216 215 216 217 214 216 217 215 212 214 215 215 217 213 212 218 219 213 214 220 219 214 213 214 219 216 214 217 217 216 216 220 214 209 217 216 211 218 218 215 217 218 214 215 217 217 216 212 -69 -76 182 181 182 108 37 63
184 182 130 54 132 172 173 184 184 184 185 187 186 185 182 235 244 208 161 191 212 214 219 216 219 218 213 214 214 214 219 220 215 214 214 213 216 220 211 213 215 217 216 212 215 217 215 211 213 215 215 216 212 213 218 215 215 215 217 218 214 214 211 217 216 215 218 215 213 214 218 212 208 216 217 210 216 217 216 217 217 213 213 217 219 215 213 -72 -79 181 181 180 169 168 174
186 196 143 96 158 184 184 183 184 185 187 187 185 184 181 220 217 214 169 191 215 216 217 216 219 215 213 218 218 217 222 221 215 216 216 215 218 222 212 212 217 219 219 214 217 219 217 214 216 218 217 217 217 218 218 215 220 218 216 219 216 217 214 218 218 218 219 216 214 215 220 214 213 218 219 217 219 217 217 216 215 214 214 215 218 214 214 -75 -82 181 180 192 220 213 179
185 186 162 159 183 183 183 183 185 185 185 185 185 183 182 219 213 213 169 191 214 215 213 214 216 213 216 222 220 218 221 218 215 216 216 218 218 220 211 213 217 220 219 214 217 219 217 216 217 218 217 215 217 218 215 215 220 218 215 216 216 216 216 218 216 218 217 215 212 213 220 213 215 216 215 220 217 212 210 209 211 212 211 211 214 212 211 -79 -84 181 180 232 253 206 132
184 182 177 179 183 182 182 182 182 183 183 184 184 183 184 229 234 217 169 190 209 209 206 208 210 207 213 219 215 210 212 208 209 209 209 213 210 209 206 208 211 212 211 207 209 210 209 210 209 208 209 207 208 209 207 208 211 209 206 206 207 208 210 208 206 208 206 205 204 206 211 205 207 207 205 210 206 200 197 198 204 206 204 203 207 204 203 -82 -85 181 181 230 240 186 69
185 183 182 184 181 180 181 181 182 183 185 185 184 182 182 227 237 219 170 192 198 199 196 198 198 197 203 209 202 197 199 197 198 198 198 200 197 197 196 197 199 200 198 196 198 199 198 199 196 195 197 196 197 198 196 197 198 196 195 195 196 196 198 195 194 196 195 195 194 196 198 194 196 197 197 199 196 190 183 185 192 192 191 191 194 192 192 -86 -87 181 180 189 129 51 17
184 182 181 181 179 179 182 183 183 184 185 184 183 182 183 215 210 204 169 192 183 184 183 182 181 182 187 196 197 192 193 191 192 192 192 193 191 191 190 190 192 192 191 190 191 192 191 191 190 190 191 190 191 191 190 191 191 191 190 190 191 191 191 191 190 190 190 190 190 191 191 189 191 191 192 192 189 181 167 168 175 176 177 178 178 176 176 -88 -88 180 179 176 123 68 59
184 182 181 181 179 181 184 183 183 184 184 184 184 183 185 220 239 211 165 156 148 165 165 163 161 164 164 187 201 190 190 189 190 190 189 190 189 189 188 189 190 189 189 188 189 191 190 190 189 189 191 189 189 189 188 189 190 190 188 188 189 189 190 190 188 188 189 189 188 190 190 189 190 190 191 190 187 171 144 147 156 158 161 159 156 155 157 -91 -88 181 180 180 180 179 168
184 181 180 180 180 182 184 184 183 184 184 184 184 183 182 224 244 224 197 202 187 148 149 146 142 145 144 186 210 190 191 190 190 191 190 191 190 190 189 189 190 190 190 188 189 191 190 190 188 189 189 188 189 190 189 190 191 190 188 188 189 189 190 189 188 189 188 188 189 190 190 189 190 190 192 191 187 163 119 121 135 140 140 135 134 137 138 -92 -88 182 181 180 179 178 176
181 179 179 179 179 181 184 184 183 183 183 184 184 183 188 223 228 218 206 241 202 134 177 210 211 225 233 249 249 220 221 218 220 221 220 225 219 217 209 224 221 220 226 216 218 225 221 228 219 221 215 214 228 213 222 220 219 227 218 216 220 224 220 215 221 223 216 216 215 220 228 207 220 224 216 223 217 192 173 196 208 182 129 120 122 122 123 -92 -87 194 209 195 177 179 176
181 179 179 179 180 182 184 183 182 182 183 186 188 192 214 218 219 205 161 163 121 121 190 250 237 213 208 212 218 206 206 203 206 206 206 213 206 201 192 212 207 207 214 202 203 211 207 217 206 210 199 197 218 195 209 207 204 216 205 200 206 213 208 200 208 213 204 202 199 205 219 189 207 213 200 212 206 184 184 192 183 128 69 117 119 118 118 -86 -71 239 240 177 132 179 175
181 179 179 181 182 183 184 183 184 184 185 187 190 202 238 211 210 210 179 182 116 117 175 214 244 223 218 220 221 216 217 215 215 216 216 221 218 214 207 216 215 216 220 215 214 218 217 227 220 222 214 211 226 212 219 219 217 225 217 213 219 224 223 216 219 226 220 217 215 217 228 208 220 223 216 226 219 205 213 219 207 81 -8 33 120 118 118 -70 -33 227 235 106 41 178 172
181 180 181 183 183 182 184 185 185 186 186 185 191 204 234 201 194 190 181 188 120 120 185 188 224 233 215 217 215 213 215 217 214 215 215 215 215 212 217 215 216 216 213 220 214 211 215 218 219 215 213 214 217 215 215 217 216 216 214 213 215 218 220 214 212 217 216 214 218 214 213 217 217 214 217 219 213 210 218 220 214 18 -61 -24 114 112 115 -55 -18 234 242 17 -8 175 170
184 183 182 183 182 182 184 185 185 185 184 184 193 202 221 190 135 75 109 138 121 121 196 178 193 221 215 215 212 211 212 215 214 213 214 213 213 212 216 215 213 211 212 218 209 208 214 216 218 213 210 213 215 212 214 215 213 213 214 213 211 216 216 210 210 215 213 211 215 213 212 215 212 211 214 213 210 210 216 216 210 0 -70 -36 116 118 123 -46 -27 210 195 45 31 150 170
184 183 182 182 183 183 184 185 185 184 184 184 193 192 215 195 105 60 117 150 131 131 201 196 207 225 210 207 205 205 206 209 209 207 207 206 205 206 208 208 206 203 207 208 201 204 208 209 210 205 204 206 207 206 207 206 204 205 207 205 202 207 206 202 204 207 205 204 207 206 204 205 204 205 205 203 204 204 207 205 201 -36 -103 -101 -29 -28 -26 -81 -37 160 141 125 26 44 169
183 182 182 183 184 183 184 186 184 184 184 183 194 194 224 205 142 180 128 41 -54 -53 49 68 85 169 192 190 189 190 192 194 193 189 189 188 188 189 188 190 188 187 189 187 185 190 192 191 189 186 186 187 188 189 188 187 188 188 188 185 184 187 187 185 187 188 186 186 188 187 185 183 184 184 182 183 186 187 186 182 181 -53 -100 -79 48 52 54 26 148 210 194 207 73 82 162
