elevation/dem/l-relief.asc
ncols        248
nrows        248
xllcorner    277752.0
yllcorner    6122252.0
cellsize     1.0
NODATA_value      -9999
[rows 42 to 83 of 248, columns 0 to 94 of 248]
152 -31 -74 180 179 176 177 194 198 189 156 125 96 70 126 233 179 138 126 118 79 62 53 48 23 11 33 27 48 93 114 25 80 217 239 250 237 221 214 97 31 203 220 223 223 223 222 231 216 148 36 213 235 225 232 225 223 229 216 153 39 102 247 241 218 215 164 169 226 251 251 176 155 131 94 133 100 56 52 96 88 76 115 119 123 112 87 97 118 125 133 26 39 188 228
186 -9 61 178 175 175 177 188 191 169 172 160 195 192 165 128 137 55 13 37 22 48 93 126 136 164 210 85 39 46 41 42 128 200 224 225 106 12 38 33 83 207 209 236 234 224 218 228 206 143 1 123 194 230 236 226 222 218 189 139 42 174 253 235 226 218 165 193 221 224 219 196 202 180 160 169 182 84 67 76 42 75 121 127 133 130 98 77 87 85 90 8 27 170 217
-7 88 181 178 177 177 177 181 184 173 190 155 150 157 67 -21 13 130 202 234 204 224 242 231 228 216 211 125 150 236 233 213 211 214 222 232 82 54 144 170 182 212 200 226 235 229 222 214 176 132 -14 112 170 204 229 228 216 194 152 117 19 109 179 208 198 189 190 221 216 164 182 222 204 173 170 160 182 177 226 168 82 91 61 71 119 128 99 31 0 18 41 18 61 166 200
58 184 181 178 177 178 178 182 187 180 174 133 90 38 -41 -57 65 239 249 228 213 217 231 227 233 219 167 141 182 208 217 215 215 214 208 198 65 68 182 178 166 202 199 213 219 226 216 176 131 109 16 140 198 196 220 209 168 143 128 112 18 77 174 181 167 200 216 209 183 174 205 230 203 160 162 180 204 187 212 205 177 134 37 49 74 88 101 -12 -41 27 57 65 102 147 188
59 184 181 178 178 179 178 182 186 186 187 187 118 29 -22 24 198 207 231 240 220 225 231 223 213 181 157 191 221 228 224 223 227 212 176 129 -4 13 147 180 206 214 201 219 212 184 140 107 105 111 63 89 216 193 190 141 95 92 101 106 14 39 142 116 154 211 219 191 176 201 219 227 190 134 141 166 181 180 196 180 186 171 163 217 147 60 61 -22 -15 126 138 139 139 152 180
68 184 182 180 179 179 177 180 186 187 187 185 165 150 175 211 251 220 213 205 181 214 237 221 182 159 184 214 226 229 225 224 219 178 127 127 4 15 190 237 230 227 200 217 187 134 107 88 97 106 61 28 206 194 148 100 90 106 108 66 -21 -11 62 107 167 207 206 194 199 217 221 214 156 113 128 155 178 185 191 190 202 163 146 212 143 75 68 -4 39 192 193 194 185 178 179
187 184 182 179 177 177 175 183 196 196 188 204 223 253 239 208 222 251 206 144 150 200 222 203 155 174 210 220 220 221 216 208 191 132 99 128 -6 2 188 200 155 202 198 193 129 101 112 114 112 81 31 20 167 146 107 89 114 162 142 18 -37 23 118 184 182 201 207 216 221 223 218 182 124 111 130 155 192 209 217 214 202 132 122 218 170 120 135 84 133 213 213 197 192 183 177
187 183 180 177 177 177 175 190 209 201 181 233 252 250 246 208 175 213 150 125 180 207 193 149 128 156 178 174 165 160 148 126 121 105 93 108 -18 -1 182 190 166 182 150 104 102 110 141 164 140 21 -35 -15 58 68 30 27 119 188 152 11 8 152 169 215 177 194 208 215 222 225 205 171 138 114 141 176 215 227 227 213 180 112 105 208 191 95 128 183 195 228 215 167 191 184 175
186 183 182 178 179 179 175 193 208 192 167 217 211 185 160 164 77 5 29 124 194 200 157 111 93 94 102 99 91 92 87 75 90 98 98 108 -1 33 227 238 216 185 105 95 152 155 187 199 153 1 -4 95 133 188 210 218 227 221 172 68 115 212 185 241 190 194 205 207 207 210 184 156 118 94 159 202 225 231 222 187 145 108 86 170 147 57 124 192 191 205 167 164 225 191 165
185 184 182 178 181 180 175 189 200 185 161 205 191 139 89 39 -32 -56 58 172 199 160 110 91 85 84 94 90 86 91 83 78 73 61 39 23 -27 51 249 234 173 195 186 172 199 182 205 206 162 63 128 192 174 254 251 229 250 239 192 146 182 204 156 168 226 206 207 209 206 205 175 117 91 112 184 218 226 225 202 152 129 121 138 199 177 86 120 180 182 182 160 189 209 139 140
184 184 180 178 182 180 175 186 200 192 162 238 254 226 184 41 -21 -8 180 193 160 90 71 34 23 33 31 10 1 5 0 4 6 20 13 38 87 132 239 217 145 213 208 217 218 210 228 227 189 156 196 191 84 240 214 229 228 233 210 194 206 177 79 82 201 172 187 211 206 186 139 105 124 159 193 204 195 176 150 129 129 126 107 78 74 72 115 176 178 183 184 183 144 104 149
185 184 182 180 182 180 175 185 204 199 179 245 245 208 107 94 130 165 226 177 77 35 35 10 33 79 111 118 115 137 145 163 178 200 196 231 234 121 154 129 96 154 133 209 218 236 236 229 208 205 213 153 -7 200 202 236 227 225 218 211 185 138 46 21 111 151 190 204 182 134 92 88 107 129 146 139 122 107 103 111 120 124 48 18 55 88 151 184 184 187 183 177 162 160 180
186 186 182 180 182 180 176 184 194 181 183 221 216 196 40 46 168 199 217 173 111 165 228 194 216 243 240 208 191 223 222 221 222 225 221 233 226 40 41 142 112 125 126 198 203 239 233 217 216 216 185 108 -15 202 196 218 199 195 212 203 138 112 42 1 148 191 208 189 143 103 87 95 93 95 105 102 97 84 41 31 22 -3 -26 16 132 169 186 184 185 185 179 173 171 179 186
186 184 180 180 182 181 177 180 183 171 167 169 118 14 -47 1 132 158 168 146 197 241 252 213 214 226 226 171 157 198 195 189 187 191 192 193 194 78 73 188 186 197 194 213 198 214 188 177 206 200 145 95 -4 216 199 181 136 160 186 168 112 105 41 1 207 207 214 188 142 106 95 83 52 46 65 42 -5 -21 -32 -9 -6 -21 15 102 180 188 186 184 183 181 175 171 176 184 186
185 184 182 182 182 180 177 179 182 181 177 163 79 -5 -10 81 161 174 171 153 215 214 229 189 197 197 161 125 163 204 202 206 211 213 213 213 217 160 114 178 220 220 211 251 223 173 132 148 169 148 130 112 13 199 193 103 78 114 111 103 86 97 57 22 211 206 209 187 141 108 60 1 -14 5 31 0 -30 -5 29 77 97 123 183 196 192 189 186 184 182 177 172 176 184 185 185
185 184 183 182 181 180 178 178 183 185 186 185 159 139 165 188 189 188 187 222 248 234 227 165 180 184 150 152 198 219 215 222 225 222 222 221 216 181 155 204 218 215 207 237 225 72 47 71 94 115 144 135 12 65 99 20 8 23 54 72 35 31 16 17 165 192 169 84 26 -10 -28 -31 10 65 95 69 71 154 193 193 192 193 194 197 194 188 185 181 178 173 173 182 185 183 184
184 183 181 181 182 180 178 179 184 186 186 185 189 191 188 188 190 189 188 238 241 250 238 201 208 202 184 198 218 219 220 224 224 224 222 217 189 142 181 233 233 218 185 158 51 -25 -7 2 48 87 39 5 -53 -31 82 99 46 51 66 7 -28 -24 -14 56 170 174 52 -16 -28 -34 -1 53 137 173 180 159 145 177 192 191 190 191 191 194 190 182 182 180 176 174 180 185 183 181 184
184 184 184 183 183 180 178 179 185 187 185 183 189 188 184 188 189 190 189 224 211 231 191 177 184 203 219 222 221 217 221 222 221 223 219 199 149 124 182 216 221 201 146 130 3 -22 63 62 81 30 -42 -35 -44 17 203 231 136 133 112 19 16 37 111 192 178 111 42 32 52 91 153 172 183 186 180 159 152 175 188 187 188 188 188 188 183 179 180 177 176 181 185 184 182 181 183
184 186 186 184 183 181 179 179 181 183 183 182 184 183 182 187 189 190 187 209 172 151 155 172 181 206 222 216 203 200 199 198 191 182 175 153 123 123 175 211 209 176 126 129 7 19 181 193 178 74 36 83 115 189 240 234 120 87 159 164 217 241 251 239 117 101 144 177 181 183 183 183 182 183 182 172 173 181 183 183 184 184 183 182 180 178 178 179 182 185 184 183 182 181 183
184 185 184 182 182 181 179 178 176 181 186 183 185 188 187 188 190 189 186 189 151 152 206 218 210 216 203 162 134 135 135 131 119 113 115 112 117 126 165 199 183 142 119 132 7 18 184 217 208 196 207 188 200 223 224 190 91 113 208 194 237 254 253 146 59 154 170 184 185 184 182 181 182 184 183 179 183 179 174 179 180 181 179 177 176 177 182 185 185 185 183 183 181 181 184
197 182 185 183 182 180 178 177 176 184 188 183 184 188 188 188 190 188 185 182 183 180 204 208 185 185 158 116 104 112 106 104 104 104 109 107 110 115 119 114 93 48 7 18 -23 19 192 218 202 192 209 199 220 223 179 128 99 160 204 169 203 169 104 -1 33 179 183 185 185 192 189 179 182 182 180 176 176 171 170 176 177 178 176 176 179 183 186 184 182 182 181 181 180 181 184
132 130 185 183 185 183 177 177 177 181 186 185 184 187 188 195 201 192 184 183 189 176 180 153 126 123 113 107 104 110 102 103 91 49 47 32 15 27 4 -7 7 -14 -25 16 16 67 192 192 168 161 172 180 186 170 142 147 153 170 162 144 199 176 71 36 110 192 188 195 200 206 186 164 176 173 171 170 173 175 176 178 179 179 180 183 185 185 183 181 181 229 239 227 200 168 186
98 86 155 183 198 233 206 168 176 179 185 184 181 183 186 196 195 177 175 192 206 202 156 48 32 24 19 -4 -12 -1 -4 -5 -3 -12 6 -5 -4 22 0 15 54 50 81 149 138 136 181 176 164 152 179 178 135 131 140 162 173 175 188 221 251 227 191 190 187 221 228 229 219 197 157 153 178 176 177 177 180 183 184 185 184 185 186 185 183 183 182 182 182 247 241 211 172 94 212
12 -23 49 184 216 250 187 96 176 180 184 184 180 181 184 185 171 159 170 185 194 176 67 -6 -2 -5 -5 -20 -4 16 12 10 27 37 56 71 105 127 115 145 173 172 174 175 159 158 174 175 175 175 197 173 140 173 172 174 177 178 218 252 254 230 190 124 123 212 208 189 170 129 127 168 186 186 187 187 189 189 188 186 184 184 184 182 182 182 183 209 219 224 247 227 182 62 208
-73 -83 57 184 206 212 128 47 178 180 183 185 182 181 181 179 211 207 171 171 161 128 75 67 79 83 93 110 157 176 170 171 178 176 174 181 180 171 171 171 172 172 175 177 176 174 178 180 180 180 176 146 148 181 182 185 188 187 204 181 119 33 14 13 69 172 126 91 99 100 143 183 185 184 184 183 184 184 182 181 181 182 182 182 183 182 182 240 251 238 237 250 168 25 243
-100 -40 185 184 186 165 77 56 179 178 182 185 183 181 180 178 204 172 122 174 174 168 169 173 174 185 211 205 202 206 184 205 232 235 220 204 186 168 180 182 183 183 185 187 186 185 189 190 190 189 188 189 188 189 191 190 190 187 185 135 61 32 54 83 125 174 170 169 170 162 176 185 183 182 182 181 181 182 181 180 180 181 181 182 182 181 181 228 242 212 112 73 42 -12 143
-98 34 186 184 186 171 110 121 177 175 181 186 183 182 182 181 172 125 128 178 178 175 177 178 179 199 233 211 198 203 157 207 227 206 159 149 138 152 189 190 190 188 190 190 189 186 189 190 189 189 187 187 186 188 188 187 187 185 185 185 185 185 186 185 184 184 184 184 184 183 182 182 180 180 181 180 181 181 181 198 235 212 174 180 182 184 226 240 182 37 65 152 233 18 12
-10 188 186 184 186 180 175 179 176 175 182 186 183 183 184 184 185 185 184 186 186 185 185 186 186 195 191 142 129 141 129 175 149 87 77 104 123 162 187 187 187 185 187 187 184 184 187 187 187 186 184 185 185 185 184 184 184 182 182 183 183 183 183 183 182 182 181 181 180 179 179 179 178 241 230 172 177 179 179 245 247 183 108 182 190 208 251 254 227 190 252 221 253 -5 9
93 187 185 184 183 176 175 179 177 176 182 185 183 183 184 183 185 185 185 188 189 188 187 187 186 185 169 133 133 153 161 179 175 162 171 180 181 186 185 185 185 184 184 184 182 184 186 185 184 183 181 183 182 182 182 181 181 179 178 178 179 179 180 179 178 178 178 178 178 177 177 178 197 245 243 161 157 157 196 238 232 211 88 111 184 243 250 252 245 198 240 226 240 -10 77
187 186 186 184 182 180 179 179 178 177 180 184 183 183 183 183 184 184 184 187 187 186 214 212 183 185 185 184 184 184 182 184 185 184 183 184 185 184 182 183 183 182 181 181 181 182 183 182 181 179 179 180 179 178 178 201 227 201 191 213 198 180 181 182 181 182 183 183 183 183 184 217 244 237 248 201 83 43 198 226 231 204 8 -8 129 231 242 254 252 212 228 233 164 -16 35
186 185 186 184 181 181 180 179 177 177 178 182 184 182 182 183 184 249 236 209 190 173 177 153 110 145 184 182 182 181 181 184 183 180 180 183 182 179 178 180 192 191 179 180 182 182 183 183 182 182 181 181 180 180 180 244 251 200 196 213 164 142 190 190 188 188 188 187 187 187 186 216 235 225 230 171 -51 -20 229 220 188 -48 -79 -32 192 248 248 253 253 216 222 225 95 -56 -58
184 184 184 183 182 183 180 179 178 178 178 182 185 183 182 211 252 224 201 201 201 173 165 97 30 74 150 180 179 179 179 181 181 179 180 183 182 182 184 186 226 215 172 192 195 194 192 191 193 197 198 194 190 194 195 234 240 233 203 188 62 62 193 191 188 188 186 185 185 184 183 187 185 179 144 -50 -74 26 216 148 -17 -69 8 152 241 238 249 251 232 238 237 159 -13 -74 13
183 185 185 184 182 182 179 179 178 178 178 182 184 183 220 250 220 211 188 205 219 247 94 -58 55 70 21 180 181 193 232 240 201 178 191 194 192 193 195 196 221 189 141 199 202 200 197 196 201 202 215 213 194 213 208 204 148 162 157 -4 -51 38 189 186 184 183 182 182 182 181 181 199 220 171 55 -35 87 140 161 104 68 140 189 189 224 203 227 250 244 241 230 125 26 19 143
185 185 186 185 183 183 180 179 178 178 178 180 182 182 244 226 209 213 238 151 248 231 56 8 207 117 19 90 187 198 245 254 146 108 196 198 195 196 196 195 198 171 159 214 225 202 187 191 201 197 217 212 168 199 189 200 154 68 -16 -66 -22 119 183 182 181 180 179 180 181 180 180 191 235 245 219 219 234 120 89 189 187 188 188 205 225 196 214 253 238 242 226 164 56 6 58
187 186 187 185 182 183 181 179 178 178 177 178 182 183 230 204 209 235 247 208 201 104 37 35 173 248 -8 2 145 190 193 152 29 70 206 194 194 197 196 194 199 196 180 222 234 166 158 187 194 189 197 174 142 174 173 201 182 77 13 13 111 173 180 182 180 179 179 180 181 180 181 181 222 247 225 235 228 75 58 185 185 185 185 232 254 233 227 248 221 223 192 75 -55 -64 81
186 186 186 184 181 182 180 178 178 178 176 178 182 184 219 206 216 218 212 161 -16 -70 172 156 -58 80 12 -31 16 186 182 124 67 127 191 173 188 216 217 192 184 170 165 189 164 104 186 236 223 232 232 216 211 226 232 235 212 212 209 166 167 178 182 182 180 180 180 180 182 182 182 182 210 210 184 184 185 91 48 135 184 184 184 234 242 238 246 240 211 176 98 12 -41 -3 195
186 186 187 184 183 184 182 180 180 178 176 178 183 232 206 197 219 237 163 -68 -6 157 243 215 7 251 247 -56 -26 161 196 205 178 160 160 165 184 222 211 212 233 216 228 215 211 214 217 206 182 195 193 177 189 208 216 215 191 210 184 62 105 180 182 182 181 181 180 181 198 197 181 182 210 210 184 183 184 138 47 87 183 184 185 218 197 216 241 234 199 111 117 140 6 -3 122
187 188 187 182 182 185 184 182 180 177 176 178 185 244 189 182 208 127 15 -84 184 252 247 250 66 149 158 -82 -69 66 191 187 163 155 166 173 181 202 163 233 249 209 210 189 178 200 209 211 189 199 201 170 181 221 231 231 208 225 89 -18 64 179 182 183 181 182 181 181 198 183 164 193 216 214 184 183 184 184 47 49 183 185 185 226 199 211 235 218 83 43 208 220 -1 0 181
186 187 185 183 184 185 184 180 179 176 176 179 190 213 143 106 72 160 89 6 254 212 98 200 160 15 -28 -101 -98 75 186 181 168 167 171 172 182 193 163 210 211 251 242 233 218 240 239 203 165 162 164 107 113 178 178 178 179 178 100 14 56 179 182 182 181 181 181 193 195 166 165 192 210 212 184 183 184 185 23 22 184 198 208 244 218 230 212 168 45 41 75 -9 -87 -16 157
186 187 185 185 185 184 181 179 179 175 176 185 196 194 85 6 -14 24 77 187 227 175 248 249 -21 -110 -123 -129 -76 185 185 183 179 180 182 183 191 193 172 215 192 217 198 199 193 193 181 164 163 161 164 106 113 178 179 178 178 178 158 2 10 179 181 181 180 207 228 232 200 174 191 191 209 211 182 181 182 184 23 22 189 226 242 241 207 191 185 175 128 44 -16 -50 -67 14 62
187 188 186 185 183 181 181 181 178 175 175 193 199 189 120 18 1 16 9 -12 54 234 211 72 -106 -119 -123 -112 29 184 185 185 184 185 211 220 225 215 177 213 194 222 196 197 193 194 182 164 164 162 163 106 112 178 178 177 178 178 155 -23 -12 179 180 181 181 217 249 244 153 158 239 218 241 221 181 181 182 184 23 25 196 240 254 249 219 209 196 149 163 13 -35 45 153 144 111
186 188 186 185 184 183 183 181 177 174 174 198 197 181 192 227 218 107 36 2 74 85 -65 -58 -43 -75 -95 -32 184 184 184 185 185 191 240 249 231 184 136 206 183 213 195 196 192 193 183 168 166 163 163 105 112 178 178 178 179 179 166 -11 -7 179 181 182 181 192 207 240 83 124 251 218 249 210 179 182 183 185 51 83 218 248 245 253 245 232 175 83 72 -35 -46 79 153 96 109
