elevation/dem/l-slope.asc
ncols        248
nrows        248
xllcorner    277752.0
yllcorner    6122252.0
cellsize     1.0
NODATA_value      -9999
[rows 0 to 54 of 248, columns 0 to 95 of 248]
39 52 65 41 24 16 11 8 7 7 8 9 10 11 14 21 36 55 67 53 67 85 25 49 28 60 63 70 76 70 56 41 41 37 33 33 35 38 41 44 44 44 57 71 64 58 63 62 57 60 56 59 63 53 64 56 67 68 74 76 71 62 58 58 56 54 54 53 52 52 51 51 42 28 22 22 22 25 36 50 39 29 24 24 32 49 53 56 56 55 57 49 44 39 36 36
36 62 60 66 61 82 84 85 89 87 87 87 88 88 88 89 88 88 59 62 47 33 33 26 33 83 71 63 73 76 40 35 58 54 62 70 68 64 63 63 52 40 35 33 39 56 49 59 71 61 85 61 56 46 61 48 58 78 76 68 64 67 82 85 84 87 86 86 86 86 87 88 88 88 87 87 87 87 87 87 87 87 86 86 84 82 74 63 53 42 34 31 34 36 44 57
56 82 66 88 55 84 82 82 87 85 86 87 87 88 89 88 88 53 50 61 87 28 41 28 72 79 67 63 80 57 35 44 59 55 69 72 65 63 64 64 62 62 57 44 32 36 36 35 39 52 77 67 77 63 62 50 56 75 71 76 69 58 71 87 85 87 87 86 86 87 87 87 87 88 88 88 87 87 87 87 87 88 87 87 84 82 83 78 74 67 51 38 36 33 32 39
71 76 75 76 64 84 78 81 86 86 87 88 88 89 89 88 88 30 42 30 41 55 42 63 77 75 71 65 69 46 42 57 63 64 68 81 84 71 65 64 62 59 61 64 48 46 51 45 36 34 51 65 72 68 56 60 68 80 70 70 68 52 53 83 87 86 87 87 87 87 86 86 86 86 87 88 87 87 87 88 87 87 87 88 87 84 84 84 83 77 70 56 56 49 36 31
78 66 78 67 84 85 74 83 87 86 88 88 89 89 89 87 88 30 43 43 28 53 38 65 71 78 81 77 62 42 41 58 68 64 61 64 71 82 85 75 67 60 59 63 63 66 69 69 69 47 37 51 70 68 65 75 54 48 68 70 57 65 50 80 86 86 86 86 86 85 85 85 85 85 86 87 87 87 87 87 87 88 88 87 87 87 86 85 83 82 83 73 68 62 56 49
88 68 74 66 80 80 75 86 87 87 88 88 89 89 89 87 88 47 70 48 36 31 44 82 82 87 85 74 76 52 41 40 42 51 56 62 63 65 70 79 88 77 65 62 62 66 74 77 70 61 56 53 52 54 61 43 40 38 36 47 70 61 56 84 86 86 86 86 85 84 84 85 85 85 86 86 86 86 87 88 88 88 87 88 87 86 87 88 86 84 83 83 84 80 74 75
88 79 78 78 84 81 81 89 87 87 88 88 89 88 88 75 68 60 62 43 46 27 71 78 80 85 86 76 80 46 50 78 62 47 43 52 58 63 64 65 68 76 88 75 68 69 72 69 64 66 80 81 52 57 50 34 46 57 46 40 42 41 41 56 78 86 86 86 84 84 84 85 85 85 86 86 86 86 87 88 88 88 82 81 85 86 86 86 86 87 86 84 84 84 80 76
83 83 83 79 79 83 87 88 87 87 88 89 89 88 87 45 42 53 57 62 40 57 78 76 79 82 69 66 55 32 40 42 50 78 63 45 40 52 62 63 63 63 67 75 80 67 62 63 66 73 85 61 40 60 36 33 61 66 65 64 54 42 33 32 40 55 74 72 65 71 85 86 87 87 84 83 84 87 87 87 72 49 36 34 41 67 87 87 86 86 86 86 86 85 85 85
80 87 82 79 73 79 89 87 86 87 89 89 89 88 88 40 64 51 31 35 70 75 81 86 84 71 43 36 34 32 53 65 49 47 54 65 50 39 44 51 59 62 63 64 69 63 59 62 69 80 87 46 45 54 29 37 63 62 51 49 58 66 52 35 31 32 36 40 37 31 31 42 70 87 85 86 85 87 87 82 50 34 29 27 25 39 86 87 87 87 86 86 86 86 86 85
85 85 79 84 72 79 88 87 87 88 89 89 88 88 66 62 65 24 50 21 79 60 60 61 63 45 32 37 42 50 63 66 58 62 53 42 74 55 59 48 44 56 64 64 68 66 59 53 55 65 66 39 74 33 32 47 62 63 58 53 55 68 63 54 45 41 36 41 37 32 28 26 33 54 82 88 87 87 88 56 36 38 46 74 27 30 86 87 86 87 87 86 86 86 86 87
81 87 79 84 74 83 87 87 87 88 89 88 88 88 57 86 60 25 29 24 61 51 55 49 43 34 36 58 68 67 62 73 66 72 61 42 62 65 76 77 52 42 47 53 62 70 63 43 44 42 44 44 51 29 41 57 61 67 84 67 67 76 74 75 63 62 67 67 50 66 70 43 33 33 50 76 88 89 74 30 32 59 62 39 27 36 86 87 86 87 87 86 87 87 86 86
72 84 79 77 76 88 87 88 88 89 89 88 87 54 50 65 38 54 38 62 40 56 77 58 42 43 52 65 67 68 66 83 63 66 56 48 62 73 63 78 78 59 63 45 43 65 51 35 46 54 56 86 32 30 54 62 62 76 79 64 72 79 82 71 57 46 72 50 57 75 75 68 56 39 44 74 73 58 47 28 75 70 76 38 51 57 75 86 86 87 87 86 86 86 86 87
70 83 76 76 80 86 87 88 88 89 89 89 88 44 86 48 25 55 56 30 32 48 74 36 46 60 59 58 63 69 79 77 64 67 62 49 46 54 73 70 74 54 61 55 38 38 34 38 66 82 73 51 32 36 61 62 67 87 69 62 68 66 67 66 52 56 62 45 61 79 69 69 65 41 41 67 61 58 54 39 71 68 55 53 49 40 50 63 78 86 87 86 86 86 86 87
81 88 83 82 87 86 87 88 89 89 89 89 88 54 52 37 68 39 48 39 53 36 44 33 70 74 63 64 76 73 76 73 68 64 64 55 46 44 50 51 82 44 41 70 65 72 51 69 76 70 56 38 34 42 60 63 76 77 66 61 66 67 64 60 54 82 51 53 63 84 68 70 66 46 35 37 54 48 40 39 43 45 52 69 42 34 34 42 57 66 77 85 87 86 86 86
88 87 87 89 87 87 88 89 89 89 89 55 45 49 43 52 29 47 36 41 72 55 77 50 70 79 70 66 74 86 79 68 62 60 61 61 62 54 49 42 45 66 55 63 60 74 55 47 41 43 44 34 38 53 61 68 88 69 64 60 56 54 51 50 66 58 58 60 65 76 66 64 62 57 47 37 40 38 41 53 57 39 30 46 39 51 37 34 41 48 59 75 82 86 87 86
87 87 88 87 87 88 89 89 89 89 88 46 89 74 60 47 65 57 36 34 34 36 36 32 40 53 59 62 62 65 75 88 79 68 61 60 62 62 61 52 37 40 77 64 48 49 73 50 44 40 43 37 49 62 62 78 75 65 62 60 48 52 45 47 56 46 63 59 62 67 61 62 61 61 60 54 52 58 58 64 77 64 44 48 44 70 54 39 37 36 36 48 65 75 82 86
87 88 89 87 87 88 89 88 89 89 88 55 45 63 81 58 85 78 52 42 36 39 42 36 31 35 41 50 56 60 62 66 72 84 80 67 64 66 65 60 33 35 76 80 70 58 49 39 61 64 52 47 60 61 64 88 67 64 62 54 46 58 65 66 39 47 63 58 62 74 67 61 60 63 63 65 72 80 55 62 83 66 75 65 55 67 63 54 48 41 34 33 37 48 66 74
87 88 88 87 87 88 88 88 89 89 88 86 83 51 85 56 85 85 79 75 68 65 80 48 74 49 35 38 40 47 56 63 63 65 72 85 76 71 62 39 29 48 88 87 86 76 47 40 65 69 56 58 66 61 73 77 61 62 59 47 51 62 85 40 34 56 62 62 72 78 88 78 70 70 66 59 68 66 51 79 70 70 83 64 61 65 63 59 61 62 52 41 35 34 41 52
87 88 88 86 88 89 88 89 89 88 86 80 46 46 63 67 85 85 87 87 86 67 39 35 35 43 64 64 39 34 43 58 62 62 62 67 71 64 58 32 32 73 88 87 83 60 40 54 77 57 45 64 66 67 84 66 59 62 49 44 60 73 58 33 44 65 64 72 80 68 66 72 70 63 63 53 83 50 58 83 65 84 70 61 63 70 74 64 60 59 60 61 53 40 36 37
87 89 87 87 88 89 89 89 89 42 31 35 31 48 44 76 74 75 83 87 87 48 33 49 55 38 37 43 69 46 36 40 44 52 58 62 70 63 50 30 38 86 88 86 73 48 43 83 84 45 48 63 67 78 75 64 60 62 40 42 56 74 37 38 55 65 67 85 72 69 63 64 68 61 65 51 74 44 72 67 67 81 64 66 70 69 75 89 76 65 61 61 60 57 50 43
87 89 87 87 88 89 89 88 89 32 79 72 51 31 63 68 71 76 77 87 64 34 36 61 72 67 57 42 36 52 61 69 49 42 44 52 68 64 37 30 53 89 87 86 66 45 58 83 55 46 63 66 68 74 69 66 63 67 36 41 71 46 32 49 61 64 75 79 64 67 64 62 68 62 57 53 72 48 65 62 61 61 53 57 58 61 62 67 80 86 75 66 61 59 61 59
88 88 87 87 88 89 89 89 89 40 38 56 52 54 53 42 40 47 61 84 43 31 50 66 72 73 71 64 52 49 51 57 71 79 51 40 49 47 30 37 81 86 87 87 60 46 75 65 46 49 58 63 61 65 73 76 69 68 34 39 59 33 35 56 60 66 86 68 61 64 64 60 66 64 46 63 53 68 81 83 65 66 46 40 40 48 58 60 66 70 75 89 76 65 61 61
88 88 87 87 88 89 89 89 75 67 55 87 60 73 35 32 37 34 44 65 34 37 62 64 79 80 71 68 73 76 79 85 68 60 70 67 52 37 36 66 67 70 78 69 45 54 72 68 44 33 35 51 61 64 71 83 73 59 33 49 40 33 44 59 62 76 77 63 58 49 49 49 72 71 51 64 49 83 81 73 56 56 76 76 50 41 43 48 56 61 62 66 74 86 78 66
89 88 87 88 89 89 56 46 63 78 73 58 61 56 27 39 59 35 33 40 32 46 57 65 77 78 72 67 67 63 71 81 85 78 69 66 73 54 55 57 51 52 58 54 47 86 59 69 64 49 35 43 64 63 62 67 70 42 33 84 33 40 53 59 67 89 69 61 58 40 63 42 52 52 51 48 60 80 74 69 63 49 46 47 62 76 42 34 42 54 61 62 63 66 76 85
86 87 87 88 89 89 46 89 53 51 47 52 83 46 27 50 72 48 45 44 41 57 58 74 73 72 69 65 65 59 56 62 73 78 83 86 72 49 43 47 56 60 66 67 66 58 59 74 82 71 40 48 74 69 65 63 64 34 43 41 34 53 56 60 78 75 65 60 53 37 70 34 44 67 59 65 73 74 72 66 70 62 60 53 51 46 63 64 51 43 51 64 67 69 72 74
71 87 87 88 89 89 52 67 70 30 55 40 83 46 34 39 43 40 76 45 55 68 67 75 84 82 82 73 68 66 63 64 65 67 66 79 82 85 67 65 74 66 69 83 71 70 74 86 88 61 43 58 80 82 76 65 47 36 74 32 40 62 60 67 81 67 63 58 41 33 50 31 32 48 85 84 89 84 73 64 68 63 60 59 60 49 41 46 64 65 58 70 68 68 71 70
45 87 87 88 89 56 42 56 59 46 34 50 84 56 43 39 36 52 42 47 80 78 67 64 69 73 76 83 83 77 69 65 64 65 61 58 71 86 78 70 66 73 71 54 54 60 66 89 86 63 44 43 54 70 78 55 39 48 59 32 51 69 66 66 69 66 63 52 33 44 48 51 55 42 69 72 76 81 67 62 66 65 60 59 60 60 60 59 52 52 61 81 70 63 63 67
34 87 87 88 89 47 69 66 69 53 51 82 88 78 65 53 56 46 36 56 66 71 67 64 66 71 72 69 75 80 89 78 72 68 66 59 59 64 69 75 70 78 65 61 60 56 61 87 86 79 63 45 40 42 49 44 47 73 46 37 43 50 58 61 66 68 63 43 34 81 31 52 82 40 54 69 77 70 63 66 69 77 69 62 61 60 60 61 65 68 70 75 89 75 66 66
26 58 81 88 56 56 66 59 76 45 83 85 78 84 86 74 71 54 41 40 46 48 47 50 59 71 73 69 70 70 71 77 82 87 78 69 68 65 63 62 55 56 52 73 46 54 75 72 76 86 81 72 76 53 45 49 67 79 61 41 33 32 38 48 62 69 51 33 44 55 37 51 46 41 41 47 60 65 68 69 65 67 79 82 72 65 61 63 67 67 67 64 66 76 87 67
25 49 78 89 47 88 63 55 44 54 85 87 78 82 87 72 76 72 61 53 76 64 52 40 41 59 74 72 70 70 68 69 68 70 79 81 71 64 73 79 63 53 69 58 40 69 79 76 67 71 65 58 59 63 65 68 88 88 73 59 47 38 33 34 42 57 40 32 60 50 44 51 60 67 51 42 37 38 44 55 60 58 58 66 78 86 71 62 60 65 69 67 64 69 68 45
25 45 81 48 47 68 56 76 41 84 86 87 84 85 79 69 73 81 52 38 48 40 40 54 59 64 78 74 62 53 50 55 65 67 66 71 66 62 89 67 82 69 49 37 53 80 71 73 88 71 77 64 68 33 24 22 23 31 48 54 52 50 42 37 34 37 37 40 80 59 58 70 76 85 59 60 76 41 34 36 43 50 57 60 62 68 80 82 69 68 74 76 65 65 43 33
31 61 89 29 46 39 64 45 60 82 85 88 87 87 74 65 76 80 45 39 65 56 40 39 57 78 57 60 57 53 48 46 46 44 46 60 69 77 53 45 52 48 37 59 87 87 82 75 69 80 82 63 63 28 32 25 21 17 23 74 67 61 53 51 48 42 44 58 85 60 68 82 82 74 37 39 37 48 78 50 37 39 47 56 60 62 63 66 76 88 81 71 58 52 33 38
50 79 89 30 48 58 50 42 80 86 83 87 76 61 60 69 79 73 39 44 62 79 73 64 57 45 40 38 46 47 47 43 41 38 34 41 63 43 27 28 30 27 34 84 83 87 88 86 75 76 86 78 55 24 33 64 69 19 18 43 64 79 71 63 68 74 75 88 74 63 78 79 85 47 32 50 50 40 39 49 81 49 36 37 44 55 62 62 63 67 75 62 57 48 34 50
87 88 69 65 32 48 28 48 80 82 84 84 55 34 27 24 28 46 35 52 60 74 67 62 53 42 53 77 71 72 83 80 61 58 50 27 25 23 23 33 29 20 21 27 47 88 88 88 86 71 87 68 43 25 29 80 69 25 22 38 38 51 65 65 74 83 67 43 37 52 83 85 71 37 36 62 68 62 52 41 43 58 70 43 36 37 47 58 62 60 66 67 65 43 34 60
88 56 37 37 23 66 19 68 79 82 83 86 46 28 37 36 29 43 42 59 59 72 66 60 53 44 36 38 40 37 36 40 59 76 40 18 19 31 42 53 38 23 19 19 26 88 89 89 86 74 80 60 46 25 26 31 25 27 34 56 37 36 51 56 68 61 38 28 31 32 48 75 50 35 43 66 71 66 60 53 47 37 39 50 85 45 34 38 44 49 60 77 75 33 32 76
87 46 51 48 38 27 25 87 78 86 83 88 49 24 41 75 43 47 50 61 61 75 78 66 64 69 63 52 45 44 51 34 41 50 27 18 22 70 79 80 62 47 39 19 22 78 88 88 84 81 86 75 52 26 20 19 22 28 44 56 75 39 36 43 59 49 33 37 61 36 38 67 40 42 57 69 74 86 79 65 59 50 43 41 39 52 76 48 36 35 41 58 57 28 39 84
68 64 49 28 29 21 49 77 69 77 81 86 58 24 40 50 38 54 49 61 62 74 80 66 68 71 66 64 65 70 69 32 36 42 24 19 29 82 70 78 68 60 32 20 24 67 88 88 77 70 74 77 85 60 40 39 61 65 57 45 44 70 67 49 49 42 32 50 69 34 40 57 39 60 67 62 62 68 78 76 64 57 60 63 50 41 40 50 76 59 37 36 34 30 58 85
61 89 68 39 34 47 88 68 73 72 80 79 69 33 27 24 32 59 50 59 61 75 80 69 72 67 65 66 70 73 67 31 36 42 23 19 33 80 72 87 59 43 25 21 30 68 89 89 72 67 79 70 78 73 75 80 84 86 81 63 49 51 48 54 53 40 33 59 51 33 57 44 45 78 72 67 68 70 67 65 65 57 55 59 61 62 53 44 40 48 82 53 40 50 83 73
54 65 69 89 88 88 88 69 70 71 76 41 38 69 45 43 47 41 61 56 59 78 82 75 74 73 74 77 76 71 66 31 35 46 24 19 28 37 33 39 41 41 23 22 44 81 89 89 76 64 75 74 82 75 87 77 78 79 63 59 63 53 55 62 60 49 35 46 50 36 77 39 61 87 82 69 63 64 64 65 77 74 61 57 62 63 62 63 56 42 43 52 53 75 82 50
38 30 44 63 88 88 87 80 78 82 40 25 27 25 41 62 34 43 73 59 59 73 76 80 83 80 78 77 76 71 66 31 35 57 30 21 22 20 18 18 21 35 24 27 71 57 47 39 36 40 53 69 51 44 43 40 37 35 33 34 40 55 68 64 51 64 36 34 42 49 59 44 79 86 76 65 63 68 71 69 70 79 81 64 61 61 60 62 61 54 52 42 47 83 80 39
38 32 29 54 88 88 87 83 81 64 30 26 50 24 31 40 31 50 70 70 67 66 66 67 66 64 64 65 69 74 68 31 35 75 41 25 20 22 28 27 24 26 37 36 38 38 36 33 32 33 34 56 34 38 42 44 41 39 41 47 52 74 66 67 48 74 61 49 47 66 50 58 87 81 68 57 60 66 66 64 70 74 75 88 74 66 66 76 75 69 70 36 42 78 88 39
25 63 20 64 88 87 87 81 81 63 29 29 61 29 37 43 38 73 85 84 74 66 64 65 65 65 64 65 65 68 73 32 35 85 69 58 67 80 65 87 55 34 54 54 47 51 57 63 71 71 35 60 38 73 71 68 68 68 70 71 44 50 57 72 63 51 53 80 72 52 46 73 71 63 50 38 36 48 59 57 65 67 61 64 73 72 62 72 75 69 68 36 41 84 80 45
31 32 26 89 88 87 87 83 80 71 33 27 56 48 42 64 49 59 70 68 60 54 49 47 45 41 42 43 45 53 66 41 37 47 49 41 44 60 74 67 51 41 34 70 66 64 66 69 76 76 42 76 43 70 64 63 62 64 72 71 41 47 48 45 41 37 36 39 39 39 52 88 81 75 62 71 42 36 38 40 48 54 58 58 60 69 63 66 71 74 73 39 41 82 69 38
87 42 58 89 88 88 88 85 80 80 45 30 51 72 50 48 75 43 38 42 46 50 58 67 77 81 79 63 48 38 41 53 66 65 70 60 68 46 44 49 64 36 31 66 61 60 62 64 73 70 39 66 37 68 66 65 65 67 72 67 43 63 40 40 45 52 47 39 35 44 68 77 72 69 60 60 89 54 39 35 38 43 55 61 60 67 67 61 64 60 63 43 44 84 67 32
43 65 89 88 88 88 88 87 82 85 60 31 36 67 60 39 47 62 76 68 65 56 49 47 44 39 41 39 46 62 68 73 68 61 57 65 58 55 75 80 89 36 30 62 67 64 59 62 68 64 32 69 30 56 66 70 70 74 72 65 41 69 40 66 82 77 67 63 69 69 72 70 69 67 69 63 60 58 72 61 51 41 41 43 51 62 66 51 44 43 44 49 54 82 71 32
50 88 89 88 88 88 88 89 85 86 74 40 29 35 33 31 55 44 36 35 37 37 41 47 52 62 66 53 40 33 35 37 37 37 39 44 38 50 85 82 79 36 30 59 63 71 73 73 67 63 33 58 34 43 62 76 86 78 72 65 39 60 38 51 80 82 72 69 73 70 68 64 65 62 67 69 64 54 55 66 83 64 43 35 36 46 61 41 35 44 46 54 68 78 76 41
50 88 89 88 87 88 88 89 87 87 87 69 43 36 37 50 62 32 39 63 65 64 61 60 64 68 66 66 63 60 58 58 59 62 68 66 34 42 73 77 80 36 30 60 62 70 72 69 68 65 44 47 47 37 62 68 64 64 67 69 40 48 44 37 57 69 74 77 73 70 65 65 68 61 66 79 87 82 74 66 64 66 74 66 56 41 41 39 39 69 69 67 74 81 83 64
60 88 89 88 87 87 87 89 87 86 87 83 74 68 85 69 54 33 37 73 87 76 66 64 66 68 68 63 60 60 60 60 61 66 64 65 33 37 85 60 68 41 30 60 69 66 64 63 66 69 54 44 56 36 65 61 61 66 68 59 38 41 48 32 38 64 70 84 72 67 66 69 69 61 65 75 85 87 85 77 67 57 60 76 78 58 41 43 51 85 85 82 84 88 88 88
86 88 89 89 88 88 87 88 84 84 87 81 72 47 33 30 37 42 45 64 70 66 64 81 70 68 67 64 65 68 71 74 77 66 59 69 33 35 84 59 72 43 30 64 68 61 62 69 70 63 51 46 60 37 55 60 63 75 78 48 36 49 72 36 30 62 67 74 71 66 66 72 65 62 66 73 80 77 73 71 73 63 60 73 71 63 74 62 76 78 75 81 85 88 88 88
87 88 89 89 88 88 87 86 79 81 84 67 51 34 30 35 40 70 60 54 62 62 63 74 75 82 89 87 84 81 78 72 71 68 61 66 32 36 85 69 73 41 31 49 60 65 66 76 77 49 36 40 46 33 33 40 49 62 79 40 41 79 72 45 29 53 66 66 72 71 71 67 59 57 67 72 70 66 65 68 72 61 62 79 71 51 68 86 84 70 74 75 86 88 87 89
87 88 89 88 89 88 87 84 77 85 81 62 55 44 36 70 56 44 44 39 49 66 67 64 62 62 63 62 61 60 60 59 60 65 67 65 33 39 68 63 72 59 35 38 58 80 72 72 79 38 40 66 72 53 59 71 52 58 84 43 38 42 45 63 33 43 65 63 68 74 84 74 63 55 69 70 66 64 67 71 70 60 56 77 74 52 66 85 85 72 81 81 71 72 80 87
87 88 89 88 89 88 87 85 77 86 81 68 57 52 34 34 35 31 51 32 43 70 63 59 59 60 60 60 60 60 59 59 57 53 50 48 36 49 56 56 64 84 64 39 47 89 75 70 83 41 36 35 42 44 35 40 50 63 82 58 44 39 40 53 42 40 66 63 66 70 88 70 64 64 71 68 66 68 74 71 67 63 57 63 80 59 68 89 88 81 79 80 76 74 75 86
87 88 89 88 89 88 87 87 77 84 81 62 42 51 88 43 35 42 70 32 44 56 55 48 43 44 44 40 37 37 37 37 39 41 42 49 62 55 60 76 61 67 75 42 39 76 70 71 81 58 45 38 35 59 33 67 64 67 73 68 66 69 52 55 56 39 55 63 67 71 75 68 70 74 77 79 84 88 81 73 69 66 65 62 61 61 71 87 87 87 87 77 70 68 80 86
87 87 89 89 89 88 87 88 77 81 82 45 33 46 42 56 75 82 66 43 41 40 44 44 46 50 63 72 71 73 78 83 89 82 73 62 51 43 79 59 66 78 76 41 33 63 59 65 70 66 66 66 32 74 29 66 67 67 68 66 67 66 47 46 55 35 43 64 69 68 62 63 69 75 78 76 71 67 66 70 72 70 51 48 55 64 81 88 88 87 88 86 83 83 88 61
87 87 89 89 89 88 87 88 79 80 86 40 35 80 40 44 80 82 73 68 57 57 69 57 50 48 48 48 47 49 48 47 48 51 53 58 70 43 49 66 66 68 72 36 30 62 66 67 66 64 67 59 30 76 28 64 80 84 78 76 66 63 45 37 71 32 39 68 68 64 61 62 63 64 65 65 65 62 52 46 44 41 38 48 74 84 86 87 87 87 88 87 87 89 87 53
