elevation/dem/l-slope.asc
ncols        248
nrows        248
xllcorner    277752.0
yllcorner    6122252.0
cellsize     1.0
NODATA_value      -9999
[rows 165 to 219 of 248, columns 96 to 191 of 248]
88 88 88 88 89 86 74 61 52 42 32 34 31 54 89 89 89 86 60 40 33 27 26 45 31 23 28 55 88 87 87 87 87 87 86 86 88 88 88 88 88 88 87 88 88 88 87 86 87 88 88 87 87 87 87 88 88 88 87 88 88 88 54 25 33 73 80 78 74 62 28 34 88 83 70 63 62 74 85 86 86 71 46 36 43 52 71 76 64 36 34 53 77 58 37 30
88 88 88 88 89 88 84 80 79 81 54 55 59 77 89 89 88 86 75 54 44 41 27 27 24 36 73 88 88 87 87 87 88 87 86 86 87 88 88 88 88 87 88 88 88 87 87 87 87 88 88 88 88 87 87 88 88 88 88 88 88 86 51 24 33 84 75 86 70 50 27 38 88 84 83 77 80 88 88 81 59 44 38 36 49 72 57 56 44 34 45 66 69 45 36 40
88 88 88 88 89 82 66 57 53 56 72 78 68 80 88 89 88 86 87 89 62 61 50 35 41 72 88 88 88 87 87 87 89 88 86 86 87 88 88 88 88 88 88 88 87 87 88 87 87 88 89 89 88 87 87 88 89 89 89 88 71 51 37 27 46 55 63 63 40 25 27 56 86 86 87 88 78 69 64 63 48 48 43 49 77 66 44 45 44 43 61 80 68 41 37 48
88 88 88 88 89 79 67 74 87 78 71 79 87 87 88 89 88 86 87 89 62 66 85 89 87 87 89 89 88 86 87 88 89 87 86 86 87 88 88 88 88 88 88 88 87 88 88 87 87 87 88 88 88 87 87 88 88 89 89 86 45 31 30 38 80 56 49 45 34 28 56 84 86 87 88 77 54 43 44 48 47 52 47 77 75 54 35 41 48 61 86 85 77 47 32 35
56 88 88 88 89 80 72 69 73 71 71 80 87 87 88 88 88 86 87 88 64 66 87 88 86 87 88 89 87 86 87 88 88 87 86 86 87 88 87 88 88 88 88 87 88 89 88 88 87 87 88 87 88 88 87 88 88 88 84 64 31 30 49 67 56 65 51 41 36 39 87 85 88 88 85 68 42 43 52 56 47 59 55 80 62 41 34 50 63 80 85 87 87 71 44 34
32 88 88 88 88 80 69 64 73 74 71 78 85 88 88 88 89 85 86 88 64 66 86 88 86 88 88 88 86 86 88 88 88 87 87 87 88 88 87 88 88 88 88 87 88 88 88 88 88 88 88 87 88 87 86 87 88 75 57 40 27 36 72 78 48 53 66 50 41 62 84 88 89 76 60 58 47 47 71 55 61 81 71 58 40 34 44 75 87 85 88 88 88 85 78 59
25 88 88 88 88 81 68 65 63 69 88 71 73 80 88 88 89 84 86 87 61 65 83 88 87 88 89 88 87 88 88 88 88 87 87 87 87 87 87 87 88 88 87 88 88 88 88 88 88 88 88 88 87 87 86 87 88 54 37 30 30 57 86 70 50 57 70 45 53 84 87 87 79 50 37 39 65 44 52 51 58 62 74 59 38 45 72 88 78 70 72 81 81 74 76 89
24 88 88 88 88 85 75 63 62 69 56 47 46 57 87 88 89 84 86 87 57 64 79 88 87 88 89 88 88 88 87 88 88 88 88 88 87 88 87 88 88 87 87 88 88 88 88 88 88 88 88 87 88 87 87 87 80 38 28 33 47 75 67 72 64 54 54 45 59 86 87 87 65 37 34 42 39 54 40 81 82 71 65 40 37 62 85 66 48 40 41 50 52 43 40 44
23 88 88 88 88 86 83 82 84 57 51 63 55 43 75 88 89 84 86 87 55 65 75 88 87 88 88 88 87 87 87 88 88 88 89 88 87 88 87 87 88 88 88 87 88 88 88 88 88 88 88 88 88 87 87 73 51 29 26 56 80 64 67 82 73 42 37 53 71 88 88 77 52 33 38 66 36 84 38 73 64 49 36 29 46 76 72 50 37 33 32 31 32 32 32 30
23 88 88 88 85 73 64 56 45 44 73 54 63 45 69 89 89 84 85 87 53 66 74 88 87 88 88 88 87 87 87 88 88 88 89 87 87 88 88 88 88 88 88 87 88 88 88 87 88 89 89 88 88 88 83 46 32 29 38 81 79 54 58 73 73 38 40 79 79 87 72 51 35 34 52 60 37 66 40 48 47 56 41 47 75 82 63 46 39 47 59 56 51 53 56 40
22 88 88 88 80 68 69 57 38 43 54 70 79 48 73 89 89 85 85 87 53 66 75 87 88 89 89 88 88 87 88 89 88 87 88 87 87 88 87 88 89 88 88 87 88 89 88 87 89 89 89 88 88 88 72 34 32 44 66 70 58 42 53 53 69 39 40 81 81 81 58 40 33 47 81 48 55 77 54 44 56 70 39 47 51 52 61 52 37 46 55 63 52 68 71 51
22 88 88 88 71 59 77 62 44 55 54 61 61 50 84 89 89 87 86 88 53 66 76 87 89 89 89 88 88 87 88 89 88 87 88 88 87 87 87 88 89 88 88 88 88 88 87 88 89 89 88 88 77 63 59 34 34 62 79 58 57 65 67 53 40 43 42 78 86 82 52 37 41 73 53 58 76 61 66 67 56 53 44 53 50 48 68 66 32 40 48 73 57 62 67 42
22 89 88 87 62 48 61 80 49 80 53 55 45 52 87 88 89 87 87 88 53 66 76 86 88 89 89 88 87 87 88 88 87 87 88 89 87 87 88 88 88 88 89 89 88 87 87 87 88 89 88 88 57 38 35 42 43 55 43 42 72 81 46 43 46 58 53 75 84 87 54 35 42 52 44 65 71 70 77 71 66 61 49 76 81 61 53 63 32 38 42 54 51 46 51 42
22 89 88 87 65 42 81 74 48 52 51 55 38 59 88 88 88 87 87 88 53 66 75 87 88 88 88 88 87 87 88 88 87 88 89 89 87 87 89 88 88 88 89 89 89 88 87 87 88 89 89 88 40 28 40 57 67 61 50 52 46 50 36 45 69 65 68 74 80 74 62 46 39 34 43 64 62 65 65 55 56 55 42 57 57 55 51 67 37 51 59 75 66 58 52 50
23 88 88 87 78 43 58 74 49 52 70 33 43 72 88 88 88 82 74 68 53 70 75 88 88 87 88 88 87 87 87 87 88 88 88 88 87 88 89 88 88 88 88 88 88 89 88 87 88 89 88 72 31 29 73 61 76 65 49 52 75 67 54 55 80 63 66 55 69 53 52 79 65 67 77 64 47 41 43 43 41 45 40 56 55 47 62 72 34 49 51 60 63 57 81 65
24 89 89 88 88 59 62 48 69 55 45 32 69 76 88 88 88 58 24 16 20 39 63 88 88 87 88 87 87 87 87 88 88 88 88 89 88 88 88 88 89 88 87 88 88 88 89 88 87 88 73 42 28 41 66 72 55 57 61 51 69 50 40 39 52 46 47 44 78 54 78 68 46 33 47 57 44 45 54 62 50 67 63 81 79 77 60 45 43 73 59 79 55 59 72 69
25 88 88 88 88 79 75 36 71 57 53 51 81 78 88 88 89 41 14 15 14 19 36 88 88 88 87 87 87 87 87 88 88 88 88 89 88 88 88 88 89 88 87 88 89 89 89 88 87 82 50 30 32 65 52 59 52 74 57 54 64 54 52 35 49 47 57 49 74 59 53 66 57 53 42 39 72 56 51 59 68 68 74 51 48 49 39 39 58 75 65 75 50 68 62 82
24 63 44 36 38 41 37 39 66 54 47 43 47 69 88 89 89 39 13 20 38 17 21 62 88 88 88 87 87 87 87 88 88 88 88 89 88 88 89 88 88 87 88 88 88 89 88 87 77 55 35 30 45 65 34 38 29 33 39 75 62 65 57 33 58 50 60 58 50 71 61 46 68 41 33 58 35 30 26 27 43 72 61 47 46 44 36 44 60 59 59 69 50 67 49 62
30 59 29 25 23 23 23 25 28 27 26 27 27 43 88 88 89 53 18 13 17 22 22 54 88 88 88 87 87 87 88 88 88 88 88 89 88 89 89 89 88 88 88 86 71 60 62 78 66 38 35 50 55 45 33 48 43 34 34 33 63 72 60 39 72 31 31 36 38 49 73 45 51 46 48 49 28 38 36 29 27 47 55 53 88 74 50 67 63 59 76 66 76 37 35 42
48 59 25 42 43 41 46 49 47 46 51 49 25 30 86 86 87 72 47 29 24 22 26 64 87 88 87 87 87 87 87 89 89 88 88 89 88 89 89 88 88 89 76 62 45 39 38 45 50 34 45 70 43 49 52 42 56 62 68 35 37 35 42 48 53 31 47 45 33 49 75 53 48 60 82 29 31 70 65 66 37 48 67 68 54 53 58 59 49 58 82 79 38 39 56 60
85 60 23 41 84 84 84 84 84 84 84 58 24 31 85 89 68 38 30 25 35 36 58 86 88 88 88 88 88 86 88 89 89 88 88 89 89 88 88 88 84 76 46 33 30 35 36 35 38 33 49 43 66 43 43 37 38 39 43 84 42 41 52 63 46 30 37 39 36 56 58 84 83 82 63 30 35 60 55 38 37 74 75 68 80 45 62 62 85 63 64 53 36 67 88 88
88 62 24 41 84 84 84 84 84 84 84 43 25 42 87 87 48 24 18 15 18 17 51 87 88 89 88 88 88 87 88 88 88 88 88 89 89 88 88 89 73 54 33 29 37 50 54 53 55 38 62 35 71 38 61 61 83 58 48 38 69 70 65 56 58 48 35 35 56 69 49 75 85 86 66 35 35 40 42 33 41 51 81 62 78 56 38 53 61 84 51 37 49 86 84 85
43 48 27 42 85 85 84 84 85 85 85 36 26 55 89 89 47 19 16 19 18 12 23 84 88 89 88 88 88 88 88 89 88 88 88 89 89 88 88 88 64 44 32 38 72 73 59 61 55 66 49 40 72 45 52 65 82 67 52 32 77 58 51 38 36 56 56 42 50 62 51 72 82 78 73 57 47 34 32 45 59 47 59 58 60 58 47 35 33 34 32 44 84 65 65 76
27 29 34 49 88 88 88 88 88 88 88 36 26 54 77 72 65 21 12 21 48 13 16 83 89 89 88 88 89 89 89 88 88 88 89 89 89 88 88 84 57 39 34 49 83 66 56 67 70 48 51 57 66 45 74 63 67 58 44 37 86 48 38 38 51 38 47 77 75 67 59 80 69 57 54 70 64 53 58 72 52 40 44 54 46 55 73 64 60 72 59 70 47 42 42 51
48 45 49 65 84 84 83 83 84 84 84 36 27 56 85 83 80 36 13 11 12 12 18 85 88 88 88 89 89 88 88 89 89 88 88 89 89 89 77 54 36 36 41 59 57 55 55 47 73 35 76 82 56 38 36 63 54 79 59 46 73 39 42 60 52 43 57 48 49 60 66 80 46 44 61 61 58 76 81 71 52 37 48 38 41 75 71 63 50 51 49 59 40 46 43 46
84 84 84 84 84 84 84 85 85 85 85 28 25 63 77 72 67 54 23 14 13 19 41 87 88 88 88 89 89 88 88 89 89 88 88 89 89 89 57 34 27 37 55 82 48 63 65 78 50 39 68 65 40 57 36 41 56 79 69 48 82 40 43 45 40 54 55 39 36 36 40 72 39 60 63 66 45 47 76 70 53 49 51 41 53 70 84 56 51 75 55 66 49 68 66 59
85 84 84 85 85 85 85 85 85 85 84 25 25 89 89 89 89 89 86 82 63 64 86 87 88 88 89 89 89 88 89 89 89 88 88 89 89 76 42 30 36 65 67 71 56 56 74 42 39 48 63 57 49 73 53 40 44 59 85 55 56 61 41 42 50 63 36 63 58 43 33 51 48 57 75 51 46 36 58 73 53 74 66 59 64 63 58 47 75 61 68 79 58 55 53 57
85 85 85 84 85 85 85 85 85 85 85 24 24 89 88 88 88 88 86 88 62 61 85 88 89 89 89 89 89 89 89 89 88 88 88 89 89 65 40 35 44 52 72 72 60 74 63 47 72 78 81 72 55 52 63 82 66 57 57 53 38 51 85 63 69 49 33 50 78 64 40 40 60 77 72 41 62 37 50 83 54 70 82 72 64 43 39 55 57 49 63 74 65 75 64 38
85 85 84 84 85 85 85 85 85 84 84 24 24 89 88 89 87 87 86 87 57 61 84 88 89 89 89 89 89 88 89 89 88 88 88 89 89 67 39 37 47 81 63 70 73 77 58 49 47 52 69 53 44 43 47 63 73 60 44 70 47 47 62 82 78 57 34 31 55 69 67 50 63 73 63 43 70 44 52 65 63 62 49 44 43 49 51 87 44 52 51 48 51 50 39 70
85 84 84 85 84 85 85 85 84 84 84 23 23 89 88 88 87 74 71 75 58 61 84 88 89 89 89 89 89 88 89 89 88 88 85 80 73 74 55 36 36 46 70 72 83 66 58 53 55 38 66 43 53 63 63 65 73 72 45 59 47 53 57 78 74 78 50 34 43 46 62 53 70 85 68 57 45 55 62 57 61 50 49 74 52 59 46 87 40 69 38 42 54 56 38 42
84 84 84 84 85 85 85 85 84 85 85 23 23 89 89 89 89 68 79 69 66 62 87 88 89 89 89 89 89 88 89 89 89 84 68 58 48 46 61 62 37 30 39 47 49 64 78 72 67 32 50 40 36 41 53 68 76 77 57 61 48 53 61 83 87 65 45 49 81 56 48 46 67 72 55 46 45 57 78 48 46 60 61 34 37 45 40 73 36 75 30 41 54 67 59 44
85 85 85 84 84 84 84 84 84 85 85 23 23 89 89 89 89 66 67 63 72 65 87 89 89 88 89 89 89 88 89 89 88 68 44 39 40 46 41 57 75 38 34 36 32 31 41 43 34 33 46 71 71 73 82 83 75 68 56 53 57 72 74 58 51 37 29 39 49 79 61 57 63 69 53 46 54 55 43 56 55 68 47 41 80 51 43 68 40 86 26 42 81 77 41 32
85 85 85 85 85 85 85 85 85 85 85 22 22 89 88 88 88 67 61 79 78 72 87 89 88 88 88 89 89 88 89 89 85 49 34 39 46 49 39 37 51 79 61 51 44 33 29 28 30 42 76 48 50 39 34 37 51 73 70 64 85 66 52 44 39 31 33 47 44 58 51 81 52 53 54 80 80 67 37 41 42 46 57 70 60 55 60 58 51 62 31 40 47 48 29 40
21 21 21 21 21 22 22 22 22 22 22 21 27 89 88 88 88 76 57 63 82 79 87 89 89 89 88 89 89 89 89 80 61 36 34 55 68 67 58 42 35 37 49 86 77 60 45 44 63 68 39 60 63 40 42 34 34 38 65 77 63 46 42 54 62 41 59 53 50 68 46 61 59 55 72 84 86 83 53 47 64 66 62 73 61 55 67 57 68 60 43 67 38 30 32 81
21 21 21 21 21 21 22 22 22 22 22 27 50 89 88 88 87 75 76 74 68 83 87 89 89 89 88 88 87 78 67 56 39 32 42 75 81 64 77 73 54 41 34 67 89 84 82 87 80 65 41 68 77 37 60 62 43 31 62 79 46 36 58 66 78 40 67 44 50 57 52 57 77 75 81 87 83 83 60 51 49 38 35 46 54 73 61 51 78 61 47 53 36 41 65 38
88 89 88 88 88 88 88 88 88 89 89 88 88 89 89 88 78 58 65 78 64 83 87 89 89 89 88 84 72 49 37 35 31 36 63 84 85 70 74 73 59 54 33 64 89 89 87 83 69 63 58 62 50 37 73 87 36 27 61 73 36 37 71 63 82 44 68 42 55 76 64 61 44 39 49 82 81 80 49 38 36 41 37 43 38 44 85 43 57 58 77 35 37 85 64 31
88 89 88 88 88 88 88 88 88 88 88 88 88 89 89 88 73 59 76 80 65 84 88 89 89 89 89 73 53 38 37 38 38 54 69 68 68 59 67 51 47 45 40 71 88 87 89 82 67 66 75 78 50 40 48 48 28 36 62 54 46 38 63 78 82 61 54 52 71 52 49 63 38 45 41 58 81 75 38 32 64 62 47 75 51 43 44 62 35 46 42 33 50 89 73 33
88 88 88 88 88 88 88 88 88 88 88 89 88 89 88 87 73 65 73 86 65 84 88 89 89 89 88 68 47 38 45 66 69 78 74 44 34 37 39 67 48 56 52 85 80 75 67 63 78 67 60 61 56 43 31 28 35 72 31 28 38 71 57 72 77 66 48 60 81 75 47 70 41 57 41 35 51 72 36 38 44 38 46 50 59 43 41 70 41 35 36 53 72 64 83 56
88 88 88 88 88 88 88 88 88 88 88 88 88 88 88 87 67 64 70 86 68 82 87 89 89 89 88 70 43 36 46 69 73 85 44 31 43 72 44 51 40 32 41 72 52 41 35 34 38 59 83 66 48 43 44 51 74 36 28 37 33 44 78 69 61 54 52 45 61 49 47 48 38 67 41 30 34 75 43 46 41 49 62 48 45 37 47 67 68 64 72 55 36 33 42 63
88 76 58 47 50 68 88 88 88 88 88 88 88 88 88 88 66 68 69 85 69 79 87 89 89 89 89 72 41 36 41 67 74 52 36 46 59 44 42 43 71 30 38 54 37 32 31 36 36 41 45 55 77 81 82 62 52 30 31 56 48 64 60 68 79 71 57 46 63 56 53 66 33 44 61 37 31 57 71 56 54 78 72 76 75 61 57 78 79 75 64 32 30 31 33 41
75 40 30 31 35 45 88 88 88 88 88 88 88 88 88 84 75 75 80 85 67 78 89 89 89 89 89 75 43 34 39 60 44 44 63 59 49 59 63 61 57 34 41 43 31 42 67 63 51 46 44 44 61 86 74 50 44 37 43 27 32 46 63 61 80 77 64 42 39 48 38 74 34 32 53 40 44 49 46 66 80 50 41 39 40 46 47 70 83 65 43 27 36 45 33 33
57 28 30 38 30 35 63 59 68 83 88 88 88 87 87 74 62 55 57 65 72 80 87 89 89 89 89 84 53 34 35 57 52 65 65 68 77 81 78 78 60 41 50 37 28 60 85 73 59 50 41 36 55 84 71 47 38 55 50 30 48 49 64 78 64 64 76 43 42 68 36 53 51 26 34 34 61 67 47 51 50 41 41 44 47 42 56 55 58 71 36 32 46 78 56 52
62 26 31 48 28 40 55 61 59 76 88 87 87 88 87 73 66 72 78 82 84 83 86 88 89 89 88 87 65 43 38 54 74 59 50 40 50 72 75 65 51 42 69 40 29 55 50 59 73 75 35 32 61 88 76 45 37 54 41 51 75 71 60 57 43 39 63 47 51 49 44 57 62 40 47 54 76 52 37 77 35 37 54 76 48 38 73 60 46 82 41 28 34 51 73 62
69 29 24 29 25 51 63 59 59 78 88 87 87 88 87 78 67 76 86 86 85 84 86 88 89 89 87 86 69 49 41 54 66 34 34 43 39 65 69 51 52 36 61 60 30 34 35 34 39 70 31 32 76 88 85 51 39 36 38 60 76 73 50 55 60 47 41 49 65 41 53 82 63 48 40 49 66 66 68 43 29 46 65 75 58 42 85 75 47 80 70 36 35 73 69 49
85 52 24 26 38 83 87 86 72 79 88 88 88 87 88 78 64 70 77 79 85 85 86 88 89 88 85 82 68 53 45 57 39 32 57 65 30 47 46 42 56 37 53 73 46 46 68 60 37 35 29 38 88 83 85 70 54 49 55 60 61 61 47 42 40 63 40 45 41 66 87 64 58 46 37 47 62 68 63 36 34 65 59 66 59 50 77 54 71 51 41 34 34 75 76 62
86 77 71 56 83 62 59 63 65 72 88 88 88 87 87 74 70 69 71 82 89 87 86 88 88 86 85 78 52 45 67 59 46 63 66 89 29 35 81 67 47 31 49 70 71 58 57 80 57 36 35 64 69 69 74 88 87 87 85 78 77 69 63 56 32 46 88 43 43 54 55 67 75 52 37 58 75 71 79 35 40 76 76 68 47 50 57 51 49 32 37 43 48 82 78 87
66 81 67 63 80 60 61 60 62 74 88 88 88 87 73 52 41 42 60 64 60 70 87 87 87 86 86 74 45 49 70 57 50 35 34 44 36 34 49 48 38 33 67 83 81 58 54 66 71 73 69 55 48 55 61 87 84 85 87 88 87 75 69 60 32 43 43 78 43 47 41 67 66 60 55 78 60 73 65 34 50 51 45 51 60 51 45 62 35 33 54 63 71 74 81 74
42 53 75 74 58 71 82 73 76 85 88 88 88 87 56 38 31 32 31 40 48 49 65 62 71 87 82 73 44 44 56 38 30 30 31 29 60 43 51 43 35 44 81 88 84 68 64 72 71 68 54 38 42 43 52 81 77 65 55 56 69 88 71 55 39 63 60 55 70 40 41 68 45 33 38 60 53 67 49 43 74 44 42 40 44 38 41 72 33 32 82 83 85 66 59 84
60 48 54 66 38 27 32 52 73 88 88 88 79 45 30 26 27 32 25 30 43 41 35 34 38 66 78 74 46 40 49 46 48 58 39 26 69 49 42 41 50 71 87 83 86 65 50 54 67 78 50 48 68 37 49 86 68 42 35 34 42 63 83 55 43 63 52 65 54 41 53 43 33 32 38 40 49 60 76 78 59 68 80 79 49 41 55 71 36 30 53 73 55 49 49 62
54 75 43 54 23 32 24 39 56 86 88 88 54 23 22 23 25 32 32 32 34 27 24 27 24 37 54 72 50 40 42 52 53 52 41 26 50 71 75 85 87 88 83 86 88 60 54 66 68 78 52 54 46 35 57 81 55 38 61 59 38 42 59 65 40 57 52 84 57 67 58 40 35 48 46 40 56 84 73 82 67 56 49 47 49 66 79 83 49 32 30 39 39 61 47 60
43 38 31 27 20 61 23 42 48 78 88 88 49 20 25 29 38 52 53 45 46 34 35 39 24 35 51 51 61 38 43 66 50 42 29 28 66 85 84 89 88 85 85 88 88 66 59 62 77 59 69 60 44 54 72 51 51 55 54 65 52 37 43 68 44 53 56 56 76 59 54 52 44 74 55 54 74 61 73 67 81 73 85 36 51 56 47 53 79 58 37 41 68 50 40 58
73 54 53 45 27 48 22 46 53 73 88 88 62 17 17 47 66 59 48 56 73 53 77 63 24 35 69 59 60 47 46 43 40 35 34 51 85 84 88 88 87 77 72 70 74 76 57 51 68 82 63 47 82 46 34 39 58 82 66 44 77 60 54 57 70 41 33 36 40 59 47 39 29 33 48 60 74 52 83 63 67 49 37 41 72 39 33 30 38 59 65 66 59 47 48 67
42 32 26 35 27 51 24 55 67 72 88 87 87 21 14 23 47 50 39 55 59 52 78 58 25 33 57 46 43 80 53 35 32 41 65 84 83 87 87 86 85 67 59 58 62 78 52 55 81 56 47 72 41 30 32 41 50 80 56 46 62 80 67 53 73 66 51 46 32 33 28 36 35 36 63 68 66 64 79 62 59 49 65 81 45 36 40 37 31 64 70 67 66 50 47 65
82 77 75 70 35 45 31 67 69 71 88 87 87 41 18 15 24 31 27 37 39 42 53 57 32 37 35 37 43 47 59 58 79 60 47 55 77 87 88 66 55 60 66 89 62 79 50 69 66 52 63 56 28 29 46 32 35 59 51 52 58 65 60 47 51 49 77 87 51 44 50 69 39 35 53 55 64 69 70 57 80 42 45 67 42 44 56 71 28 52 67 58 53 49 61 52
74 74 59 47 36 33 42 67 68 73 88 87 87 87 49 21 18 19 21 26 26 31 36 71 39 61 49 80 39 39 78 61 46 35 34 37 55 88 85 46 37 37 52 72 56 56 38 60 50 55 69 39 24 39 75 43 33 40 66 58 72 74 61 44 38 42 55 60 81 84 84 57 31 36 58 55 51 48 54 53 47 42 40 49 63 43 43 65 34 31 70 42 47 55 73 42
