elevation/dem/l-slope.asc
ncols        248
nrows        248
xllcorner    277752.0
yllcorner    6122252.0
cellsize     1.0
NODATA_value      -9999
[rows 55 to 109 of 248, columns 96 to 191 of 248]
37 32 20 63 36 32 38 38 43 31 57 65 74 88 88 89 89 88 88 88 86 84 69 40 30 29 31 40 73 86 87 87 87 87 88 88 88 88 88 88 89 88 88 88 89 88 85 86 86 86 86 85 52 63 57 65 83 86 65 35 28 43 71 82 69 66 70 66 41 30 47 82 89 89 88 88 87 86 86 85 68 65 64 85 86 78 75 88 87 70 43 22 16 20 25 30
55 27 23 52 72 57 42 39 34 38 67 65 77 88 88 88 89 88 88 88 84 82 51 28 32 38 36 32 70 87 87 87 88 88 87 88 88 88 87 88 88 88 88 89 89 87 85 86 86 86 86 88 61 58 56 73 87 86 53 28 32 57 77 77 70 67 69 68 34 30 65 89 89 88 88 81 71 72 77 64 64 75 83 78 71 76 82 87 82 65 35 24 24 28 35 43
59 30 25 36 54 25 20 22 28 45 73 81 86 88 88 88 89 88 89 86 84 75 40 27 53 82 33 28 76 88 87 87 87 88 87 88 88 88 88 88 89 88 88 89 89 87 85 87 87 85 86 88 79 73 77 88 86 86 44 27 42 70 72 73 67 57 47 54 31 33 80 88 88 88 88 70 55 56 71 63 81 66 82 69 66 68 79 76 69 60 41 26 24 19 24 39
78 42 27 30 31 24 28 32 48 64 67 85 88 89 88 87 89 88 88 84 85 71 36 31 52 31 30 37 88 87 87 87 87 88 87 87 87 88 89 88 88 88 89 89 89 87 84 87 87 85 86 89 89 88 88 87 86 86 45 30 34 36 43 60 65 40 35 30 31 42 88 88 87 88 88 65 53 70 64 63 71 67 83 51 37 39 43 32 36 42 46 42 26 16 19 60
86 56 28 33 41 27 43 80 69 67 76 87 88 89 89 88 88 88 86 84 85 76 40 30 28 32 48 69 60 64 60 37 30 28 23 25 39 75 88 88 87 87 89 89 89 86 85 87 87 85 86 87 85 85 88 87 86 86 59 38 29 27 28 37 56 32 38 40 44 65 88 87 87 88 88 70 55 57 66 70 56 39 32 24 26 29 24 22 26 40 61 67 32 16 15 29
86 76 23 30 32 26 48 88 88 88 88 88 88 89 89 87 87 87 85 84 86 86 61 41 45 67 63 30 19 16 16 16 16 14 16 20 26 58 88 88 87 88 89 89 88 86 86 87 86 85 87 85 80 81 84 87 87 87 81 72 61 50 35 32 50 30 48 83 85 88 88 87 87 88 85 83 75 73 74 46 33 34 30 31 41 27 22 46 39 63 56 50 36 18 15 17
86 85 27 24 19 34 70 88 88 88 88 89 88 89 87 85 85 86 86 86 88 87 88 84 80 67 50 22 20 21 31 32 37 50 51 28 22 36 88 88 88 88 89 89 87 86 87 86 86 86 88 85 78 88 81 87 87 87 83 83 83 82 50 33 61 35 81 66 65 75 85 87 87 88 83 88 86 86 45 38 34 40 36 35 31 29 51 22 30 44 54 50 50 23 20 22
87 86 50 42 53 86 87 88 88 88 89 89 89 88 86 85 86 85 83 86 88 88 76 48 46 43 41 29 18 30 36 32 32 30 70 34 18 15 19 39 88 88 89 88 87 86 86 86 86 86 88 87 79 82 83 87 87 87 57 43 39 36 36 45 63 42 51 38 33 33 44 67 82 75 62 55 54 59 33 33 29 31 48 51 43 69 33 25 31 59 59 51 65 30 27 25
87 86 85 86 86 86 87 88 87 88 89 89 88 88 87 85 85 85 85 88 85 79 39 25 24 21 25 54 27 29 46 43 46 42 35 63 47 28 18 25 87 88 89 88 88 85 86 87 86 86 88 88 86 85 88 82 73 68 37 34 37 39 40 47 52 57 45 39 40 34 31 46 71 63 47 44 42 41 31 28 27 65 51 37 30 35 40 39 37 84 54 52 74 41 30 22
77 86 85 86 87 86 87 88 87 88 89 89 88 88 87 87 87 85 82 83 89 65 22 22 26 26 36 35 37 67 55 36 40 40 36 42 43 44 17 22 87 89 89 89 88 68 52 53 73 78 78 82 79 78 83 76 67 72 38 43 75 85 65 77 40 73 48 48 72 67 41 47 67 60 53 71 63 49 49 28 35 60 53 66 65 76 51 36 38 61 56 57 80 76 63 37
28 59 86 86 87 87 87 88 87 88 89 89 88 88 87 88 88 88 87 86 84 55 18 31 48 27 22 31 25 47 36 38 52 54 49 77 47 41 20 14 24 54 89 89 88 60 62 70 67 81 88 86 80 87 84 78 68 69 42 35 51 68 58 40 33 56 42 44 65 61 45 48 67 63 50 46 45 51 44 36 33 60 58 44 51 78 43 30 47 61 59 64 86 86 73 53
18 29 79 87 87 87 88 88 87 88 88 88 88 88 88 87 87 78 71 70 76 42 18 45 24 38 50 49 22 46 57 53 42 57 73 58 56 51 49 18 17 45 89 89 88 68 52 55 72 79 77 82 79 80 85 84 77 73 57 38 36 37 36 39 79 62 66 35 39 45 40 49 70 70 60 46 36 34 71 50 23 80 58 53 39 64 37 33 45 74 68 76 89 86 81 69
26 23 63 88 88 88 88 88 87 88 88 88 88 88 88 83 79 63 63 65 69 35 18 60 27 38 43 59 21 85 48 28 36 59 74 72 55 63 29 16 15 54 89 89 88 85 85 79 77 82 87 87 87 87 85 84 85 85 85 75 59 50 53 65 46 66 51 46 39 38 43 65 83 88 88 63 38 32 47 75 27 44 41 36 30 42 28 38 50 72 86 86 86 87 83 71
27 31 53 77 88 87 87 87 87 88 88 88 88 88 87 83 80 68 71 71 75 28 16 41 28 42 30 50 19 35 58 20 34 50 64 40 44 54 42 17 28 89 89 89 87 85 86 87 84 82 86 85 82 83 84 87 88 87 86 88 87 87 88 61 45 41 54 79 66 69 77 88 87 88 85 74 47 39 56 73 37 28 28 24 26 37 28 56 75 67 87 88 87 87 78 67
42 62 56 64 87 87 88 88 88 88 88 88 88 87 87 77 80 80 69 77 81 26 16 43 51 42 42 33 44 20 27 18 30 22 43 27 33 28 22 21 71 89 89 89 87 85 85 87 82 87 86 85 82 89 87 84 85 86 84 84 87 87 88 75 66 69 83 88 85 85 88 87 87 79 70 48 38 46 65 33 26 29 37 39 41 40 39 81 78 63 83 89 87 88 78 65
58 78 61 66 86 88 88 88 88 88 88 88 88 87 87 68 68 58 56 61 68 42 18 16 22 26 53 39 32 18 39 32 24 17 32 28 53 25 23 33 88 89 89 89 87 85 85 81 78 76 68 70 88 83 86 78 81 87 87 88 84 82 83 85 88 88 87 82 80 84 87 87 87 70 55 34 32 45 52 42 66 42 34 36 43 47 52 64 73 57 80 88 87 86 74 70
58 74 69 76 87 88 88 88 88 88 87 87 88 87 87 70 67 82 86 82 76 83 52 27 24 28 30 24 24 29 86 53 34 20 30 42 56 36 33 46 87 89 89 89 87 85 86 64 45 34 34 39 53 69 48 42 48 68 85 88 74 72 73 80 84 88 87 79 88 84 87 87 85 72 53 33 45 63 37 43 82 76 61 59 74 87 86 48 73 50 79 87 87 86 73 79
57 75 69 78 88 88 88 88 88 88 87 87 88 87 87 81 70 72 82 77 82 82 84 71 56 45 43 30 28 48 87 42 39 31 47 57 56 38 26 33 87 89 89 89 86 85 86 52 37 42 45 39 37 58 37 44 40 51 83 87 55 44 41 48 63 80 87 82 81 85 87 84 79 81 65 31 34 63 38 39 87 86 88 88 87 88 86 46 79 47 80 87 87 87 76 78
75 78 70 81 88 88 88 88 88 88 88 87 87 88 87 86 69 62 70 70 76 85 81 79 87 74 89 78 81 87 50 24 23 22 34 41 64 57 26 31 87 89 89 85 70 60 64 55 36 52 75 68 36 78 39 63 53 47 71 89 40 35 39 36 36 44 61 75 85 87 86 83 81 76 63 55 42 49 41 40 87 86 87 87 87 88 86 47 72 51 43 37 36 36 36 42
71 54 50 68 88 88 88 88 88 88 88 87 87 87 87 86 71 62 65 73 84 78 62 57 53 52 60 80 88 88 29 23 39 36 49 35 51 60 29 27 88 89 89 78 59 44 36 38 36 55 62 60 34 45 54 44 75 42 37 51 34 39 76 58 42 35 36 40 47 52 44 45 61 56 41 42 61 64 40 54 85 86 88 87 85 84 85 52 49 44 33 33 33 33 34 36
55 74 58 56 89 88 88 88 88 88 88 87 87 87 87 87 81 74 71 72 76 73 71 69 69 67 62 79 88 88 25 24 66 39 62 54 65 66 29 26 88 89 75 55 45 39 54 42 39 56 41 42 33 29 50 51 33 37 27 29 33 52 81 79 71 57 47 40 39 40 30 27 25 30 44 63 56 52 53 80 84 88 86 89 78 77 74 55 37 45 59 67 71 71 71 38
70 48 53 60 89 88 88 89 89 88 88 88 87 87 87 87 88 86 86 87 73 75 79 72 76 78 70 81 87 87 34 22 39 44 69 56 46 26 24 39 87 89 61 49 38 42 68 44 55 62 36 52 41 28 24 30 26 47 42 38 46 62 72 77 79 78 80 76 63 56 38 44 33 34 53 87 60 41 59 89 80 62 51 52 51 49 47 47 37 45 71 71 71 71 71 33
55 89 72 78 89 89 89 89 89 88 88 88 88 87 87 87 87 86 86 87 74 76 85 71 64 62 60 73 87 87 59 26 19 26 31 24 22 23 40 73 87 88 62 49 34 62 76 36 50 45 52 84 64 50 35 39 31 55 61 62 61 62 67 74 78 76 80 72 78 49 44 67 86 59 53 53 40 45 71 88 71 47 57 54 52 54 53 60 44 45 71 71 71 71 71 29
62 71 87 89 89 89 89 89 89 89 88 88 88 87 87 87 87 83 83 86 79 73 76 64 58 66 63 72 88 88 88 60 25 17 17 19 28 50 89 87 87 88 77 56 30 35 50 33 47 77 86 75 64 54 66 52 41 68 63 62 63 63 63 65 67 67 67 59 66 43 53 75 77 63 44 34 48 74 80 65 61 49 82 85 68 73 70 69 43 45 70 71 71 71 71 26
61 74 88 89 89 89 89 89 89 88 88 87 88 87 82 74 63 58 62 70 85 74 74 65 65 78 69 79 88 88 88 88 69 47 46 65 88 89 89 87 87 88 89 78 47 35 49 34 39 60 84 86 73 57 65 54 56 84 77 69 66 63 62 61 63 62 61 53 54 49 63 82 71 61 35 50 49 55 53 39 37 42 51 52 53 59 64 66 47 51 75 73 74 74 74 27
82 88 89 89 89 89 89 89 89 88 88 88 87 87 79 70 68 71 72 68 77 71 71 79 75 77 65 81 88 88 87 88 88 87 87 87 88 89 89 87 87 89 89 88 77 44 41 32 45 65 73 75 70 57 66 65 66 64 71 82 86 76 68 62 62 63 62 60 63 62 71 86 64 48 32 66 44 32 44 36 45 46 51 52 57 63 67 73 57 53 76 89 88 87 85 36
85 88 89 89 89 89 89 89 88 88 88 88 87 87 81 70 62 66 70 67 78 72 72 79 71 65 65 84 87 87 87 88 88 88 87 87 88 89 89 87 87 89 89 88 87 61 42 26 32 59 87 70 38 33 37 53 57 61 60 63 68 74 85 79 69 65 64 63 68 71 79 75 63 38 38 42 66 32 57 32 68 71 71 71 71 71 71 71 62 57 75 74 73 72 70 43
89 88 89 89 88 89 89 88 88 88 88 88 87 87 80 65 56 63 70 68 77 68 65 67 67 66 73 87 87 87 87 88 88 87 87 87 88 89 89 87 87 89 89 89 87 78 66 32 24 33 45 34 25 32 26 29 36 50 60 62 61 63 65 71 82 87 77 69 67 73 83 74 69 33 47 44 69 41 78 29 57 71 71 71 71 71 71 71 69 72 74 71 71 71 71 45
89 88 89 89 88 89 89 88 88 88 88 88 87 87 77 64 69 83 78 63 72 69 64 65 68 66 74 88 87 87 87 88 88 88 88 88 88 89 89 87 86 89 89 89 88 85 85 56 30 24 23 25 33 54 41 31 30 38 53 63 63 62 63 61 63 67 74 85 83 77 74 69 60 29 62 45 75 49 62 29 50 73 76 78 80 82 83 85 83 75 71 71 70 71 71 56
89 88 89 89 88 89 89 89 88 88 88 88 87 86 77 69 67 64 73 59 77 73 70 76 85 74 80 88 87 87 88 88 88 88 88 87 87 87 88 88 86 89 89 88 88 85 85 78 58 41 39 68 61 53 75 55 44 36 37 46 55 62 63 63 62 62 62 66 72 80 89 78 34 24 55 42 85 58 78 32 53 86 84 81 79 78 77 75 74 72 71 71 70 71 71 75
89 89 89 88 88 89 89 89 88 88 88 88 88 86 69 59 55 62 76 65 79 72 68 76 75 67 82 87 87 87 88 88 88 77 63 63 76 86 86 88 87 89 89 88 88 85 85 85 70 60 52 38 41 39 54 54 70 63 51 44 39 43 50 60 63 63 62 64 66 66 67 57 23 27 40 40 89 48 59 29 53 70 71 71 71 71 71 71 73 73 72 71 71 71 71 71
89 89 89 89 88 88 89 88 88 88 88 88 88 86 68 61 72 70 70 72 78 76 69 58 58 65 84 87 87 85 81 79 81 61 52 56 65 87 85 89 87 88 89 88 88 85 86 85 52 42 32 29 44 38 43 58 61 39 33 41 81 51 39 42 52 59 64 64 76 86 76 35 21 44 37 40 89 42 79 29 50 71 70 70 70 70 71 72 73 66 59 54 49 48 43 40
89 89 89 89 88 88 88 88 88 87 88 88 88 86 76 66 70 69 76 81 83 74 75 80 87 83 88 88 87 80 67 59 57 54 58 56 59 89 85 88 87 88 89 88 88 86 86 86 39 35 36 38 47 44 61 73 40 30 36 35 36 52 49 33 33 39 46 41 51 55 65 26 29 83 38 40 89 42 73 32 50 70 71 71 71 71 71 71 71 53 41 36 39 52 66 56
89 89 89 89 88 88 88 88 87 88 88 88 88 87 74 62 61 58 62 70 82 76 84 85 84 84 87 87 87 80 66 72 86 54 62 47 59 89 85 88 87 88 89 88 88 85 66 49 26 26 36 59 34 34 52 52 30 41 71 56 37 35 51 52 48 36 26 35 58 60 43 23 36 79 42 42 59 46 68 37 45 52 49 47 45 44 41 38 38 37 51 86 59 41 43 40
89 89 89 89 89 89 88 88 87 88 88 88 88 87 74 63 70 75 75 73 80 79 74 75 80 87 87 88 88 73 67 78 79 48 72 40 59 87 85 88 88 88 89 88 88 70 40 33 24 29 49 63 28 33 58 36 27 47 72 60 34 32 51 74 47 25 25 59 80 79 44 22 27 62 54 43 40 45 60 45 40 40 37 36 37 40 50 58 53 47 59 37 35 38 48 32
89 89 89 89 89 88 88 88 88 88 87 87 88 87 78 69 78 73 71 78 86 86 87 88 87 87 87 88 88 61 60 66 76 47 73 40 57 83 85 87 88 88 89 88 88 57 36 35 29 44 81 46 24 33 62 41 27 37 59 72 33 28 56 81 46 24 26 50 60 73 60 28 26 57 76 74 59 60 68 59 53 67 56 59 63 61 52 49 51 64 42 35 73 65 78 53
89 89 89 89 88 88 88 88 88 88 87 87 87 87 75 59 60 59 68 81 87 86 87 88 87 87 87 88 88 62 59 59 60 43 56 40 51 82 85 87 88 88 89 89 88 54 34 28 32 55 67 38 23 35 75 55 30 32 62 83 35 26 59 83 63 30 24 46 42 42 38 28 40 41 45 58 86 87 79 46 34 40 37 82 82 39 39 59 48 59 41 51 45 38 36 35
89 89 89 89 88 88 88 88 88 87 87 87 87 88 75 58 63 67 73 82 86 87 87 88 87 87 87 88 88 78 67 65 67 38 41 39 43 86 84 87 88 88 89 89 89 57 32 27 36 55 84 29 23 41 72 67 33 29 39 36 25 28 78 53 42 47 32 40 36 28 26 53 41 29 30 39 87 87 74 43 35 57 33 65 81 36 47 63 57 28 22 30 45 77 64 61
89 89 89 88 88 88 88 88 87 87 87 87 87 88 82 72 70 76 84 86 84 72 63 60 65 76 86 88 88 88 88 88 88 36 37 41 38 76 84 87 88 88 89 89 89 62 37 26 27 34 47 22 22 49 77 80 45 30 27 27 29 57 57 35 34 40 88 40 33 27 35 47 47 84 33 25 58 87 78 47 32 47 39 67 83 39 38 48 28 19 22 23 23 61 35 32
88 89 89 88 88 88 87 88 87 87 88 87 87 88 82 73 68 69 74 80 80 70 71 77 74 79 84 88 88 88 88 88 88 36 30 40 32 72 85 87 88 88 89 89 88 76 53 34 24 21 22 19 31 80 88 87 74 57 45 46 61 70 51 40 53 54 35 40 45 50 47 37 48 54 69 26 39 87 86 68 43 41 46 69 83 39 27 47 43 31 69 39 19 59 21 40
88 88 88 88 88 88 87 88 87 87 88 88 88 87 82 73 70 73 71 75 76 65 61 60 64 77 85 88 88 88 88 88 88 39 23 45 23 76 85 87 88 88 89 89 89 86 77 61 42 28 27 34 66 88 88 88 87 87 87 87 87 69 52 38 36 30 35 65 80 77 51 34 35 35 36 27 41 87 87 82 73 69 82 50 31 33 33 40 49 38 75 48 21 28 16 39
88 88 88 88 87 88 88 87 87 87 88 88 88 87 84 80 76 78 81 84 84 77 73 76 83 85 87 88 88 88 87 87 87 51 20 55 21 88 85 87 88 88 89 89 89 85 56 45 51 86 73 80 86 86 88 88 88 88 88 86 87 82 68 49 42 45 70 89 65 67 79 50 45 34 31 37 84 59 69 86 86 86 52 23 22 27 47 22 20 21 33 39 24 20 20 37
88 88 88 87 87 88 88 87 86 88 88 88 88 87 70 54 47 50 57 70 84 86 86 86 86 86 87 88 88 88 87 87 87 74 21 62 22 88 86 87 89 88 89 89 89 72 31 41 37 76 85 86 85 88 88 88 88 88 87 86 87 88 88 80 78 82 47 38 41 54 48 67 78 83 79 80 67 88 60 69 63 63 34 25 51 60 36 17 19 30 26 24 25 26 33 50
88 88 88 87 87 88 87 87 87 88 88 88 88 87 60 58 78 80 69 70 81 87 87 86 86 87 87 85 84 86 86 84 84 86 29 38 30 89 86 69 60 69 89 89 88 67 28 76 30 79 86 86 85 85 87 87 87 87 66 59 68 82 68 52 46 44 43 68 75 58 61 66 84 79 86 88 72 58 68 61 88 87 36 34 42 33 16 12 16 24 22 22 28 63 77 51
88 88 88 88 87 87 87 87 87 87 87 87 87 87 65 53 50 55 63 75 84 86 86 85 85 86 86 84 88 87 87 64 60 67 50 72 53 66 61 70 89 61 89 88 88 74 31 56 39 69 76 87 88 66 59 65 55 53 66 87 61 79 68 65 87 76 51 36 43 53 68 87 69 73 72 71 77 88 87 68 63 63 34 35 25 13 11 14 20 24 30 31 18 22 26 42
87 87 88 88 87 87 87 85 84 86 87 87 84 83 84 77 76 82 83 79 80 87 87 69 65 69 62 65 68 62 70 57 85 61 58 71 61 76 87 66 60 69 88 88 88 88 45 51 60 86 71 86 87 58 87 80 56 66 68 59 68 82 68 52 46 46 52 69 87 88 68 61 70 87 88 87 87 87 86 86 87 87 32 24 15 13 21 31 78 69 56 46 12 15 24 58
87 88 86 85 87 87 87 84 87 88 77 58 51 59 77 67 46 41 43 46 55 76 66 41 50 65 63 64 75 88 62 66 59 69 59 75 56 63 58 67 87 87 88 88 88 88 70 63 64 67 75 86 86 66 60 66 67 51 68 87 87 87 88 88 88 88 88 87 87 87 87 87 87 87 87 87 86 86 86 85 85 85 32 20 12 17 44 32 56 74 66 59 10 13 21 28
87 87 85 88 87 87 87 70 68 74 71 61 75 62 65 55 50 66 53 43 38 46 49 36 45 51 77 55 64 59 68 87 87 87 59 88 60 86 87 88 86 87 88 88 88 88 88 88 86 85 86 85 86 87 87 54 83 56 87 87 87 86 86 86 86 86 86 86 85 85 86 86 83 84 86 88 88 87 87 86 86 86 37 18 11 17 74 41 34 53 58 51 9 11 15 18
86 86 84 84 86 87 87 62 77 62 87 56 46 56 62 54 49 43 40 63 48 56 62 35 47 48 57 77 88 87 87 87 87 86 66 59 66 88 88 87 86 87 88 89 88 89 89 88 87 86 85 84 84 84 85 56 67 58 85 85 85 86 85 85 86 86 87 87 87 77 57 47 45 50 60 82 87 87 86 87 87 87 52 18 10 14 31 34 26 18 12 9 8 12 19 15
86 86 85 85 85 85 85 67 55 67 72 83 71 66 73 64 66 56 35 35 34 47 56 42 36 44 68 87 87 87 87 87 86 86 86 85 86 88 88 87 86 87 88 89 88 89 88 87 88 88 87 87 86 86 85 70 65 73 87 87 87 88 87 88 88 88 87 86 86 64 42 42 42 47 46 71 87 87 86 86 87 87 77 28 11 10 15 20 19 11 8 8 11 24 56 48
85 85 85 85 84 85 85 85 73 68 75 86 86 87 87 75 72 73 57 54 70 87 87 65 60 70 85 85 86 85 85 85 85 85 85 87 87 88 88 87 87 87 88 88 88 88 88 87 88 88 87 87 87 87 87 87 87 86 86 86 87 87 87 87 86 87 86 86 87 65 43 44 45 48 49 71 87 87 87 87 87 88 87 64 20 12 11 10 11 12 18 41 87 87 87 88
86 87 88 88 87 88 88 87 88 87 86 87 87 87 87 87 86 87 87 87 87 87 87 56 85 60 85 85 85 86 86 86 86 86 87 87 87 88 88 88 87 87 88 89 88 88 87 87 88 88 87 87 87 87 87 86 86 87 87 87 87 87 87 87 86 87 87 88 87 77 57 44 41 46 60 80 88 87 87 87 88 87 87 87 57 33 23 18 17 25 57 87 88 87 87 87
87 87 87 87 87 87 86 87 88 87 86 87 87 87 87 87 87 87 87 87 87 87 87 66 58 67 87 87 82 70 64 67 77 86 86 87 88 87 88 88 87 87 88 88 87 88 88 87 87 88 87 87 87 87 87 86 87 87 87 87 87 87 87 87 87 88 88 88 87 87 88 87 86 87 87 87 87 87 87 87 87 87 87 87 87 87 87 87 87 87 87 88 88 87 87 87
87 88 88 87 87 87 87 87 88 87 87 88 87 87 87 87 87 87 87 87 87 87 87 87 88 87 86 87 76 64 71 70 74 84 86 87 88 87 87 87 87 87 88 88 87 88 88 87 87 87 87 87 87 87 87 87 87 87 86 86 87 88 87 87 87 88 88 88 87 87 87 87 87 87 87 87 87 87 88 87 87 87 88 88 87 87 87 87 88 88 87 88 88 87 87 87
88 88 88 87 87 87 87 87 88 88 87 87 87 87 87 87 87 87 87 87 87 86 87 87 87 87 86 87 79 64 65 66 75 85 87 87 88 88 87 87 87 88 88 88 87 88 87 87 88 87 87 87 87 87 87 87 87 87 86 87 88 87 87 87 86 86 86 86 85 86 87 87 86 86 86 87 87 87 87 87 87 87 88 88 87 87 88 87 88 87 87 88 88 87 87 87
