elevation/dem/l-slope.asc
ncols        248
nrows        248
xllcorner    277752.0
yllcorner    6122252.0
cellsize     1.0
NODATA_value      -9999
[rows 110 to 164 of 248, columns 96 to 191 of 248]
88 87 87 87 87 87 87 87 87 87 87 87 87 87 87 87 87 88 87 87 87 87 87 87 87 87 86 87 86 78 74 77 84 89 87 88 88 88 87 87 87 88 88 87 87 87 87 87 88 88 87 87 87 87 87 86 86 85 85 85 85 84 84 84 84 85 85 85 85 86 86 85 84 84 85 85 85 85 85 85 85 85 85 85 85 86 86 86 87 86 86 87 88 87 87 87
88 87 87 87 87 87 77 58 55 69 87 87 87 87 87 87 87 87 87 87 87 87 87 88 87 87 87 88 88 87 88 87 87 88 87 87 87 87 87 87 88 88 88 87 88 88 87 87 88 87 85 86 86 86 86 86 86 86 86 87 88 87 87 88 87 87 87 87 87 87 88 88 86 87 87 87 88 87 88 87 87 87 87 87 87 87 87 87 87 87 87 88 87 87 86 86
88 87 87 87 87 87 55 25 20 20 35 65 87 87 87 88 88 87 86 87 87 86 87 88 87 87 87 87 87 87 87 87 87 88 87 87 87 87 87 88 88 88 87 88 88 88 87 87 88 87 86 87 87 87 87 87 87 86 86 86 86 86 85 85 86 86 86 86 86 86 87 87 86 86 86 85 85 85 85 85 86 85 86 86 86 86 86 86 86 86 86 87 87 87 87 87
88 87 88 73 48 31 21 16 19 16 16 18 39 87 87 88 87 86 86 86 86 85 86 86 85 84 84 85 85 85 85 85 85 85 86 88 87 88 88 88 88 88 87 88 88 88 87 87 87 87 87 86 86 86 86 87 87 87 87 87 88 87 87 87 87 88 88 87 87 87 87 88 87 87 87 87 88 87 87 87 87 87 87 87 86 86 86 87 86 86 86 86 86 86 85 85
88 87 87 45 21 15 15 19 34 28 26 17 19 65 84 84 84 84 84 84 84 84 84 84 84 84 85 86 86 86 87 88 88 88 89 89 87 88 88 87 88 88 88 88 88 88 87 87 87 88 88 87 87 87 87 88 87 87 87 88 88 87 87 87 87 88 87 87 87 87 87 88 87 87 87 87 87 87 88 87 87 87 87 87 87 87 87 87 87 87 87 87 88 87 87 87
49 71 84 34 16 17 28 61 59 56 66 27 17 36 74 84 84 84 85 86 86 86 87 88 88 88 88 87 86 85 85 85 85 85 86 87 88 88 88 87 88 88 88 88 88 87 87 87 88 87 88 87 87 87 87 88 87 87 87 88 88 87 87 87 87 88 87 87 87 88 87 87 87 87 87 87 87 87 88 88 87 87 87 87 87 87 87 87 87 88 87 87 88 87 87 87
22 39 83 34 14 18 60 39 65 78 72 35 20 25 60 88 88 87 88 88 87 86 86 86 85 84 84 84 85 85 86 86 87 88 88 87 88 88 88 87 87 88 88 88 88 88 87 88 88 87 87 87 87 87 87 87 87 87 87 87 87 87 87 87 87 88 87 87 87 87 87 87 87 87 88 87 87 87 88 88 88 87 87 88 87 87 87 87 88 88 87 87 87 87 87 87
23 30 86 28 13 21 74 52 32 41 58 40 19 21 58 88 88 86 85 85 84 84 84 84 84 84 85 86 87 87 88 87 87 87 88 87 88 88 87 88 88 87 87 87 88 88 87 87 88 87 87 87 87 86 86 87 87 87 87 86 87 86 87 87 87 88 87 88 87 87 88 87 87 86 88 88 87 87 87 87 87 87 87 88 87 87 87 87 87 88 87 87 87 88 87 59
23 30 87 28 16 16 25 41 41 55 83 73 17 17 69 85 85 84 84 84 84 85 86 86 87 88 87 87 87 88 88 87 87 87 87 88 88 88 88 88 88 87 87 87 87 87 87 87 87 88 87 88 87 86 87 88 87 88 88 87 87 86 87 87 87 87 87 87 87 87 87 87 87 86 87 88 87 87 87 87 86 86 87 88 87 87 86 86 87 87 87 87 87 87 52 26
25 36 86 44 22 15 17 16 18 31 39 24 15 20 84 84 85 86 87 87 87 87 88 88 87 87 87 87 87 87 88 87 87 87 87 88 88 88 88 88 88 87 87 88 88 88 87 87 88 88 87 88 88 86 86 87 87 87 87 87 87 86 87 87 86 87 87 86 86 86 87 87 87 87 87 87 87 87 87 87 87 86 86 87 87 87 87 86 87 88 87 87 87 87 27 19
23 51 84 84 61 24 19 15 15 15 16 15 18 38 87 87 88 88 88 88 88 87 88 88 88 87 87 87 87 87 88 87 88 87 87 88 88 88 88 88 88 88 88 88 88 88 87 87 87 87 87 87 87 86 86 87 87 87 87 87 87 86 87 86 86 86 87 86 86 87 87 87 87 87 87 87 87 87 88 88 87 87 87 87 86 85 85 85 85 85 85 85 85 84 22 17
33 86 86 86 67 38 35 45 33 22 19 26 58 87 88 88 88 88 87 88 88 88 87 88 88 87 87 87 87 88 87 87 87 87 87 87 87 87 87 88 87 87 88 87 88 87 87 87 87 87 87 87 87 87 86 86 87 86 86 87 87 86 86 87 87 87 87 88 87 87 87 87 87 87 87 86 86 85 85 85 84 85 84 84 84 84 84 84 84 85 85 85 85 85 23 14
62 88 87 87 87 88 87 88 88 87 88 88 88 88 88 89 88 87 87 88 88 88 88 88 88 87 87 87 87 87 87 87 87 87 87 87 87 87 87 87 86 87 88 87 87 87 87 87 87 87 87 87 87 87 87 87 87 87 87 87 87 87 80 78 82 86 85 85 73 69 76 85 85 85 85 84 83 83 83 84 84 85 85 85 85 86 87 86 86 87 87 87 87 69 23 13
88 88 87 87 87 87 87 88 88 87 88 88 88 88 88 88 87 87 87 87 87 87 88 88 87 87 87 87 87 87 86 86 86 86 86 87 87 87 87 87 87 87 88 88 88 88 87 87 87 87 86 86 85 85 85 84 84 84 85 85 77 49 30 25 23 21 20 21 25 36 54 85 85 85 85 85 85 85 86 86 87 86 86 87 87 87 88 87 87 88 87 87 87 42 20 15
88 88 87 87 87 87 87 87 87 87 87 87 87 87 87 87 86 86 86 87 87 87 87 88 87 87 87 87 87 88 87 87 88 87 87 88 88 87 86 85 85 86 86 85 85 85 85 85 85 84 84 84 84 83 78 71 62 55 60 46 29 21 18 17 14 12 12 14 18 24 37 86 86 87 87 86 87 87 88 88 88 87 87 87 87 87 87 86 86 87 86 86 86 26 14 17
88 87 87 86 86 87 87 87 87 87 87 87 87 87 87 88 87 87 86 87 88 88 88 88 87 87 87 87 86 86 85 85 85 85 85 85 85 84 84 84 59 46 40 34 38 64 85 85 86 86 86 86 86 86 65 57 47 44 38 22 18 17 24 30 19 27 43 41 26 19 27 84 87 87 88 87 87 87 87 87 86 86 85 85 85 86 86 86 86 87 87 86 87 23 12 21
87 87 87 87 87 87 87 87 88 87 88 88 87 88 87 86 86 86 85 84 85 85 85 85 84 84 84 84 84 84 84 84 84 84 84 85 85 85 85 76 33 27 19 16 17 33 87 87 87 87 87 88 87 86 57 68 68 67 61 22 24 24 38 51 25 29 38 74 30 22 22 38 72 87 87 87 87 88 87 87 87 86 86 86 86 86 86 87 87 87 87 86 86 27 13 14
87 87 87 87 87 87 87 87 87 87 87 87 87 86 85 85 85 84 84 84 85 85 85 85 85 85 86 87 86 87 86 86 86 86 87 87 87 87 87 73 25 22 22 28 16 19 68 88 88 87 88 88 87 86 60 61 51 44 33 21 22 31 37 44 40 27 68 39 27 23 21 21 40 86 86 86 87 87 87 87 87 87 87 87 86 86 86 87 87 87 86 86 86 40 20 19
84 84 84 85 85 85 86 86 86 86 86 87 87 85 85 83 81 85 86 86 87 87 87 88 87 87 87 87 87 87 87 87 87 87 87 87 87 82 73 55 16 14 27 57 21 16 47 88 88 87 88 88 87 87 76 73 75 69 24 18 20 33 44 46 51 28 74 37 46 26 27 18 28 86 86 85 86 86 86 87 87 87 87 87 87 86 86 87 87 87 87 87 87 59 25 28
86 81 79 82 86 86 86 87 87 87 87 87 87 75 62 49 45 50 73 86 87 88 88 88 87 87 87 87 87 88 87 87 87 87 87 87 74 60 54 40 19 15 76 38 26 16 36 88 88 87 88 88 87 87 87 88 88 87 23 16 21 36 50 60 57 24 38 28 48 48 33 16 23 86 86 86 86 87 87 87 87 87 87 88 87 87 87 87 88 87 87 87 88 81 40 28
74 58 52 53 69 88 88 88 88 88 88 88 77 50 36 31 31 30 44 82 82 84 87 88 87 87 88 88 87 88 88 87 86 87 87 83 58 62 65 47 39 14 22 42 25 16 34 88 87 87 88 88 87 87 88 88 87 87 32 15 15 27 50 64 67 22 56 37 58 40 28 15 26 87 87 87 87 88 88 88 88 88 88 88 87 87 87 87 88 88 87 87 88 87 87 68
55 50 52 49 49 88 87 87 88 88 87 87 68 44 35 48 63 36 34 74 80 85 87 88 88 88 88 87 87 87 88 87 86 87 87 81 55 74 69 57 79 21 17 73 17 16 45 87 87 87 87 87 86 87 88 88 88 88 61 22 13 15 25 38 71 25 45 51 29 30 18 15 44 88 88 87 88 88 88 88 88 88 87 87 87 87 87 87 88 88 87 87 87 87 87 87
45 63 76 64 41 84 87 87 87 87 87 87 65 39 32 77 75 38 37 65 61 61 75 89 88 88 88 87 86 87 88 88 87 86 87 82 54 67 77 58 39 21 13 15 13 21 74 87 88 87 87 88 87 86 87 88 88 88 88 49 18 14 15 16 19 34 30 20 18 19 20 32 87 88 88 87 88 88 88 88 88 88 87 87 87 87 87 87 88 88 87 88 88 87 86 86
43 76 81 68 42 79 88 87 87 87 87 87 70 40 31 53 66 40 49 43 43 43 55 88 88 87 88 87 86 87 88 88 88 87 88 88 59 57 56 50 56 41 20 16 19 45 87 87 88 88 87 88 87 86 87 87 87 88 88 88 61 26 18 15 13 21 18 16 16 19 39 69 87 88 88 88 88 88 88 88 81 69 55 49 46 46 56 79 87 87 87 87 87 87 86 87
48 83 86 63 46 79 88 87 87 87 87 87 78 49 32 30 32 34 73 41 80 44 50 89 88 87 88 87 86 87 88 88 88 88 88 88 74 61 60 71 84 87 74 68 75 87 86 86 88 88 88 88 87 86 88 88 88 88 88 88 88 58 34 28 18 13 15 20 40 50 88 87 87 88 80 68 65 73 85 88 75 56 44 39 32 29 30 46 70 84 87 87 87 87 74 66
52 67 63 57 55 78 88 87 87 87 87 87 85 74 60 48 43 47 45 39 58 40 61 89 88 88 88 87 87 87 86 86 86 87 88 88 88 88 88 88 88 88 88 89 88 88 86 86 87 88 89 88 87 87 88 88 88 88 88 88 88 87 88 87 49 22 21 36 88 88 88 88 80 61 36 26 26 32 50 65 65 54 45 62 51 54 33 37 54 73 87 87 87 77 48 41
60 73 87 67 54 75 88 88 88 87 87 87 85 77 69 70 76 76 41 35 52 36 61 88 88 88 87 87 87 88 87 86 86 87 88 88 87 88 87 87 82 80 84 89 88 87 86 87 78 74 77 85 89 87 87 87 87 88 88 88 84 79 73 71 76 86 88 87 87 87 87 80 43 25 20 22 23 20 23 35 39 49 46 50 42 48 35 31 49 68 86 84 84 64 38 42
73 55 40 36 33 61 88 88 88 87 88 87 82 59 49 48 49 56 49 33 64 32 43 88 88 88 88 87 87 88 88 86 86 86 88 87 87 88 88 88 66 48 38 43 67 86 81 71 58 62 63 68 78 87 87 87 87 88 82 63 49 44 43 45 51 68 88 87 84 72 64 50 24 21 29 38 40 28 23 38 43 48 52 35 32 38 32 24 43 77 60 58 56 55 39 49
83 37 39 55 29 51 88 88 88 87 87 87 74 44 41 47 50 55 44 25 43 28 34 88 82 80 80 76 79 86 88 86 86 87 88 87 75 69 70 59 45 33 34 32 47 48 51 55 64 69 50 38 38 51 70 85 87 88 57 33 30 32 36 38 37 44 79 87 73 52 49 36 21 35 73 56 65 48 27 61 74 53 61 31 35 53 42 24 37 39 31 31 33 40 38 42
72 35 39 39 29 56 88 88 88 88 87 87 71 43 41 73 77 45 34 21 39 23 26 53 52 40 36 39 44 53 70 86 86 87 75 57 40 36 37 38 42 38 58 30 44 30 30 47 63 47 43 45 36 34 46 70 76 73 38 27 40 46 51 54 41 32 42 57 47 49 78 47 24 47 72 64 53 58 30 58 70 48 78 32 38 62 53 35 42 42 39 39 43 50 44 55
68 43 35 32 39 73 89 88 88 88 88 87 78 54 35 34 45 53 33 19 54 27 23 26 25 26 25 27 34 37 44 65 87 86 55 28 21 23 27 32 37 55 71 42 46 36 33 28 66 43 50 56 63 47 38 51 62 64 33 29 69 76 70 73 70 38 32 35 36 40 48 56 21 25 57 56 77 79 29 58 73 40 32 38 35 57 39 36 58 40 45 53 43 40 35 55
78 61 49 52 69 88 89 88 88 89 89 88 86 84 67 50 30 53 27 23 65 57 35 25 28 58 48 37 41 53 43 47 73 86 47 28 38 75 43 35 35 30 40 59 35 61 57 27 22 54 26 34 37 58 42 46 57 75 36 32 77 78 68 73 70 69 53 43 63 56 37 40 25 18 39 66 54 59 30 53 47 35 29 42 44 53 24 39 50 39 54 51 80 38 30 42
88 88 87 87 87 88 88 89 89 89 89 89 88 85 84 85 24 35 46 33 54 55 64 65 40 69 31 42 34 45 38 41 68 63 46 41 38 38 74 66 48 64 46 33 40 44 37 39 16 25 17 39 26 58 58 58 53 63 51 32 46 62 75 80 72 69 76 59 35 31 48 32 36 20 24 42 64 67 33 29 30 28 33 27 51 60 25 44 43 46 53 45 43 49 59 28
89 88 87 88 89 88 88 88 89 89 89 89 89 88 86 86 22 41 32 24 37 37 32 31 70 34 27 44 36 38 31 40 41 43 44 38 44 37 84 46 37 32 45 49 56 45 45 28 23 57 21 54 26 47 64 76 67 67 77 45 42 50 69 76 81 57 65 52 39 40 65 40 63 30 21 28 36 47 76 68 61 41 58 34 39 43 26 26 51 72 47 42 38 36 25 32
89 88 88 89 88 88 88 89 89 89 89 89 89 89 88 87 29 35 32 19 21 42 52 38 25 45 40 27 50 52 31 63 45 50 60 48 79 36 47 28 66 55 35 35 37 61 50 22 21 19 25 30 29 37 46 52 54 69 76 71 66 58 46 75 54 48 61 72 34 48 86 56 84 58 30 32 24 20 19 25 33 46 86 52 44 78 53 29 44 60 42 32 27 28 28 33
88 88 89 88 88 88 89 89 89 89 89 89 89 89 89 88 55 47 37 23 28 37 27 56 40 36 23 31 27 29 34 55 70 64 54 61 77 31 51 26 50 61 49 38 28 26 27 31 60 24 18 17 23 33 46 56 59 67 67 76 75 51 31 44 52 52 68 38 44 33 47 61 71 52 36 61 37 24 21 21 27 29 27 42 50 72 62 35 38 45 44 60 41 40 54 51
88 89 89 89 88 89 88 89 89 89 89 89 89 89 89 89 86 84 81 72 37 23 32 43 41 52 38 39 62 46 56 57 40 52 69 78 51 32 24 28 75 59 76 38 33 40 41 54 67 51 34 32 42 78 58 66 73 71 51 51 48 45 38 39 68 56 81 33 37 34 36 54 69 47 36 55 52 67 69 21 24 20 15 18 40 64 41 41 39 35 51 88 84 83 79 55
88 89 89 89 89 89 89 88 88 88 89 89 89 89 89 89 88 87 86 88 37 24 29 71 58 80 82 61 30 64 70 50 40 32 30 39 45 62 37 36 45 51 33 41 80 57 57 81 71 78 73 67 48 56 65 59 56 64 66 56 57 75 51 42 45 52 50 37 26 25 36 58 71 55 34 36 58 56 72 33 27 30 30 20 21 23 31 32 28 37 68 88 87 86 87 66
88 88 88 89 89 88 88 88 89 88 88 89 89 89 89 88 88 88 87 88 50 31 32 37 72 57 66 67 37 44 46 55 70 59 42 33 57 51 70 59 49 44 59 63 54 65 47 44 46 56 74 64 52 56 61 52 51 60 88 87 88 83 63 49 43 46 52 65 64 72 86 83 82 83 73 55 49 54 77 71 54 54 72 41 26 23 23 26 34 75 88 87 87 88 87 81
88 88 88 89 89 76 73 78 88 87 77 70 66 70 78 89 89 89 88 88 61 41 38 28 37 54 54 35 37 34 57 82 87 87 79 42 61 51 74 63 58 67 47 27 30 52 61 76 72 46 78 75 56 49 49 50 60 76 88 88 88 88 84 83 78 77 81 88 88 87 87 88 88 87 86 83 83 87 87 86 87 89 87 79 65 52 42 45 64 89 87 86 88 88 87 86
88 88 88 88 89 72 86 72 88 72 48 47 45 45 52 89 89 89 89 88 60 52 44 28 26 24 28 28 31 43 80 86 86 87 87 57 61 62 75 64 49 46 29 33 39 36 45 41 40 57 87 88 80 67 67 79 88 88 88 88 88 88 88 88 87 88 88 88 88 87 87 88 88 86 86 87 87 87 86 86 88 88 86 87 88 87 87 87 88 88 87 87 88 87 87 88
88 88 88 88 89 77 75 84 68 51 46 71 69 58 40 89 89 88 89 89 60 63 82 63 45 38 29 29 36 63 87 86 86 88 88 77 70 71 80 69 34 28 28 57 21 28 54 71 88 88 88 88 87 87 87 88 88 87 87 88 89 88 88 88 87 87 87 88 88 87 87 88 87 86 86 87 87 87 87 88 88 87 87 88 88 87 88 88 87 87 87 88 87 86 88 88
88 88 88 88 89 85 67 58 57 51 59 69 88 46 45 89 89 88 89 89 58 64 79 88 56 57 57 59 59 78 87 87 87 88 88 89 89 88 88 48 29 33 47 24 20 66 88 88 88 88 88 87 87 87 88 88 88 87 88 89 88 87 88 89 88 87 88 88 88 87 87 87 87 86 87 87 87 88 88 88 88 87 88 88 87 87 88 88 87 87 88 88 87 87 88 87
89 89 88 88 89 84 67 66 75 60 56 57 47 40 68 89 89 89 89 89 55 66 76 89 75 66 65 70 78 88 87 87 87 88 88 89 89 88 88 49 30 32 27 18 36 89 88 88 88 88 88 87 87 88 88 88 87 87 88 88 88 88 89 89 87 88 88 88 87 87 87 87 87 87 87 86 87 89 88 87 88 88 88 87 87 88 89 87 87 88 88 87 88 88 88 87
89 88 88 88 89 85 73 67 75 64 45 64 38 39 80 89 88 89 89 89 53 66 74 89 88 87 87 86 87 87 88 88 87 88 89 89 89 88 88 69 37 26 27 41 89 89 88 88 88 88 88 88 87 88 88 87 87 88 88 88 88 88 88 88 87 88 89 88 87 87 86 87 88 88 87 86 87 89 88 87 88 88 87 87 88 88 88 87 88 88 87 87 88 88 87 87
89 88 88 88 88 89 68 57 69 83 45 56 37 47 81 89 89 89 89 88 52 66 72 89 88 87 87 86 87 88 88 88 87 89 89 88 89 88 87 88 75 63 65 79 89 88 88 88 88 88 87 87 87 87 87 87 87 88 88 88 88 88 88 88 88 88 88 88 88 86 86 87 89 87 86 86 88 88 87 87 88 88 87 88 88 88 88 88 89 88 87 88 88 87 87 88
89 89 88 88 89 89 65 61 64 72 46 73 47 46 64 89 89 89 88 84 51 68 70 89 88 87 87 86 87 87 88 88 87 88 89 88 88 87 87 88 88 87 88 89 89 88 88 88 88 88 87 87 86 87 87 87 87 88 87 88 89 88 87 88 88 87 88 88 87 86 86 88 88 86 86 87 87 87 87 88 88 87 88 88 88 87 88 89 88 87 87 88 88 87 87 88
89 88 88 88 89 89 65 70 78 69 38 50 40 36 45 84 89 89 84 76 55 74 75 79 76 79 86 86 87 88 88 88 87 87 88 88 87 87 87 88 88 87 88 89 88 88 88 89 88 88 88 87 86 86 87 87 87 87 88 88 88 87 88 89 88 87 88 89 87 86 87 87 86 86 87 87 86 87 88 88 87 87 88 88 87 88 89 88 87 88 88 87 87 88 88 87
89 88 88 88 89 89 66 69 83 72 39 42 61 34 34 70 89 89 83 76 60 68 58 42 38 39 52 80 88 88 88 89 87 86 87 88 87 87 88 88 88 88 89 89 88 88 88 88 87 87 87 87 86 85 86 87 87 88 88 88 87 87 88 88 88 87 88 88 86 86 86 86 86 87 87 86 86 88 88 87 86 88 88 87 87 89 89 87 87 88 87 87 88 89 87 86
89 89 88 88 89 84 70 75 72 80 49 40 40 47 33 63 89 89 86 78 58 38 31 29 31 33 35 58 82 88 88 88 87 85 87 87 87 87 87 88 88 88 88 88 88 88 88 88 87 87 87 87 86 85 86 87 87 88 88 88 87 88 88 88 88 87 87 87 86 85 85 86 87 87 86 86 87 88 87 86 87 88 87 87 89 89 88 87 85 84 86 87 89 88 86 87
89 89 89 88 89 79 66 67 64 63 55 88 60 50 36 68 89 89 84 73 47 25 30 43 51 42 34 53 62 72 88 89 87 86 87 87 87 87 87 89 89 88 87 88 88 88 88 88 87 87 87 86 86 86 86 87 87 88 88 88 89 89 88 88 80 69 67 75 85 86 86 88 88 87 86 87 88 87 86 87 89 88 87 89 89 74 60 50 47 56 76 89 89 87 86 89
89 89 88 88 89 80 65 59 59 64 49 41 32 38 39 83 89 89 71 49 32 23 35 64 63 43 28 43 53 54 88 89 87 86 86 87 87 87 88 89 88 88 87 88 88 88 88 88 88 87 86 87 87 86 86 87 87 88 88 88 89 89 88 83 64 44 36 34 43 64 87 88 87 86 87 88 87 86 88 89 88 87 89 89 74 46 36 31 31 34 49 76 88 86 87 87
89 88 88 88 89 85 70 63 58 59 38 43 51 29 34 89 89 89 60 39 34 30 45 72 63 51 28 38 51 50 87 88 87 85 86 87 87 88 88 88 88 88 87 88 88 88 88 88 87 86 87 87 88 87 87 87 87 88 88 89 88 89 88 63 42 32 32 28 26 30 50 76 85 85 85 79 78 84 88 87 86 88 89 82 53 35 35 41 47 35 36 58 88 87 77 61
88 88 88 88 89 81 57 55 59 54 37 50 40 24 42 89 89 89 54 35 37 35 49 86 80 79 30 28 42 62 87 88 87 86 86 87 88 88 88 88 88 88 87 88 88 88 88 87 86 87 87 88 88 87 87 87 87 87 88 89 88 89 77 37 28 33 48 55 37 27 31 53 86 83 74 61 65 70 88 85 87 88 85 57 40 34 49 82 87 46 32 47 88 88 61 42
88 88 88 89 89 81 58 49 45 41 33 37 25 29 69 89 89 87 54 35 40 37 42 63 52 30 21 27 59 81 87 88 87 86 86 87 88 88 88 88 88 88 87 88 88 88 88 86 86 88 88 88 87 87 87 87 88 87 87 88 87 88 61 28 30 51 63 82 73 47 29 41 89 81 69 68 73 65 86 85 88 88 65 39 39 40 76 77 73 49 31 45 86 72 46 32
